Table Name,State Code,District Code,Tehsil Code,Area Name,Total/ Rural/ Urban,Age-group,Total population - Persons,Total population - Males,Total population - Females,Population attending educational institutions - Persons,Population attending educational institutions - Males,Population attending educational institutions - Females,Type of educational institution - School - Persons,Type of educational institution - School - Males,Type of educational institution - School - Females,Type of educational institution - College - Persons,Type of educational institution - College - Males,Type of educational institution - College - Females,Type of educational institution - Vocational institute - Persons,Type of educational institution - Vocational institute - Males,Type of educational institution - Vocational institute - Females,Type of educational institution - Other institute - Persons,Type of educational institution - Other institute - Males,Type of educational institution - Other institute - Females,Type of educational institution - Literacy centre - Persons,Type of educational institution - Literacy centre - Males,Type of educational institution - Literacy centre - Females
C3010,01,00,0000,State - JAMMU & KASHMIR  01,Total,All ages,10143700,5360926,4782774,2463443,1397468,1065975,2290691,1291632,999059,149235,89983,59252,14634,10143,4491,6716,4651,2065,2167,1059,1108
C3010,01,00,0000,State - JAMMU & KASHMIR  01,Total,0-4,963603,497184,466419,31890,17270,14620,31890,17270,14620,0,0,0,0,0,0,0,0,0,0,0,0
C3010,01,00,0000,State - JAMMU & KASHMIR  01,Total,5,237728,122741,114987,43814,24145,19669,43814,24145,19669,0,0,0,0,0,0,0,0,0,0,0,0
C3010,01,00,0000,State - JAMMU & KASHMIR  01,Total,6,284472,145469,139003,101039,55032,46007,101039,55032,46007,0,0,0,0,0,0,0,0,0,0,0,0
C3010,01,00,0000,State - JAMMU & KASHMIR  01,Total,7,217317,111487,105830,131183,71714,59469,131183,71714,59469,0,0,0,0,0,0,0,0,0,0,0,0
C3010,01,00,0000,State - JAMMU & KASHMIR  01,Total,8,321662,165379,156283,212245,116821,95424,212245,116821,95424,0,0,0,0,0,0,0,0,0,0,0,0
C3010,01,00,0000,State - JAMMU & KASHMIR  01,Total,9,231584,119404,112180,168889,92632,76257,168889,92632,76257,0,0,0,0,0,0,0,0,0,0,0,0
C3010,01,00,0000,State - JAMMU & KASHMIR  01,Total,10,368272,190872,177400,257996,143718,114278,257996,143718,114278,0,0,0,0,0,0,0,0,0,0,0,0
C3010,01,00,0000,State - JAMMU & KASHMIR  01,Total,11,178719,93395,85324,138960,77380,61580,138960,77380,61580,0,0,0,0,0,0,0,0,0,0,0,0
C3010,01,00,0000,State - JAMMU & KASHMIR  01,Total,12,333604,172296,161308,236907,133429,103478,236907,133429,103478,0,0,0,0,0,0,0,0,0,0,0,0
C3010,01,00,0000,State - JAMMU & KASHMIR  01,Total,13,210357,106871,103486,154716,85848,68868,154716,85848,68868,0,0,0,0,0,0,0,0,0,0,0,0
C3010,01,00,0000,State - JAMMU & KASHMIR  01,Total,14,269707,139403,130304,187458,106794,80664,187458,106794,80664,0,0,0,0,0,0,0,0,0,0,0,0
C3010,01,00,0000,State - JAMMU & KASHMIR  01,Total,15-19,1147081,592332,554749,587668,341414,246254,540040,313933,226107,42831,24368,18463,2780,1733,1047,1833,1288,545,184,92,92
C3010,01,00,0000,State - JAMMU & KASHMIR  01,Total,20-24,889969,476469,413500,172401,104715,67686,85554,52916,32638,81576,48530,33046,3683,2362,1321,1271,762,509,317,145,172
C3010,01,00,0000,State - JAMMU & KASHMIR  01,Total,25-29,789383,422668,366715,20803,13914,6889,0,0,0,16146,10748,5398,3002,2066,936,1373,964,409,282,136,146
C3010,01,00,0000,State - JAMMU & KASHMIR  01,Total,30-34,697138,378777,318361,5874,4236,1638,0,0,0,3780,2731,1049,1289,972,317,548,406,142,257,127,130
C3010,01,00,0000,State - JAMMU & KASHMIR  01,Total,35-59,2282065,1235516,1046549,9199,6814,2385,0,0,0,3652,2801,851,3253,2551,702,1416,1039,377,878,423,455
C3010,01,00,0000,State - JAMMU & KASHMIR  01,Total,60+,675324,365827,309497,1914,1285,629,0,0,0,896,584,312,561,415,146,229,160,69,228,126,102
C3010,01,00,0000,State - JAMMU & KASHMIR  01,Total,Age not stated,45715,24836,20879,487,307,180,0,0,0,354,221,133,66,44,22,46,32,14,21,10,11
C3010,01,00,0000,State - JAMMU & KASHMIR  01,Rural,All ages,7627062,3977652,3649410,1726467,999164,727303,1649951,947739,702212,64884,43640,21244,6542,4614,1928,3526,2441,1085,1564,730,834
C3010,01,00,0000,State - JAMMU & KASHMIR  01,Rural,0-4,790696,404720,385976,17374,9557,7817,17374,9557,7817,0,0,0,0,0,0,0,0,0,0,0,0
C3010,01,00,0000,State - JAMMU & KASHMIR  01,Rural,5,192900,98853,94047,27495,15301,12194,27495,15301,12194,0,0,0,0,0,0,0,0,0,0,0,0
C3010,01,00,0000,State - JAMMU & KASHMIR  01,Rural,6,231369,117236,114133,71943,39412,32531,71943,39412,32531,0,0,0,0,0,0,0,0,0,0,0,0
C3010,01,00,0000,State - JAMMU & KASHMIR  01,Rural,7,171613,87310,84303,95050,52269,42781,95050,52269,42781,0,0,0,0,0,0,0,0,0,0,0,0
C3010,01,00,0000,State - JAMMU & KASHMIR  01,Rural,8,257828,131577,126251,159535,88453,71082,159535,88453,71082,0,0,0,0,0,0,0,0,0,0,0,0
C3010,01,00,0000,State - JAMMU & KASHMIR  01,Rural,9,183644,93942,89702,127549,70253,57296,127549,70253,57296,0,0,0,0,0,0,0,0,0,0,0,0
C3010,01,00,0000,State - JAMMU & KASHMIR  01,Rural,10,290808,149858,140950,192696,108557,84139,192696,108557,84139,0,0,0,0,0,0,0,0,0,0,0,0
C3010,01,00,0000,State - JAMMU & KASHMIR  01,Rural,11,138926,72418,66508,103672,58470,45202,103672,58470,45202,0,0,0,0,0,0,0,0,0,0,0,0
C3010,01,00,0000,State - JAMMU & KASHMIR  01,Rural,12,263074,135123,127951,176909,101211,75698,176909,101211,75698,0,0,0,0,0,0,0,0,0,0,0,0
C3010,01,00,0000,State - JAMMU & KASHMIR  01,Rural,13,162134,82161,79973,112945,64043,48902,112945,64043,48902,0,0,0,0,0,0,0,0,0,0,0,0
C3010,01,00,0000,State - JAMMU & KASHMIR  01,Rural,14,208181,107099,101082,135883,79090,56793,135883,79090,56793,0,0,0,0,0,0,0,0,0,0,0,0
C3010,01,00,0000,State - JAMMU & KASHMIR  01,Rural,15-19,866386,444691,421695,392612,237556,155056,371137,224022,147115,19012,11963,7049,1207,713,494,1141,812,329,115,46,69
C3010,01,00,0000,State - JAMMU & KASHMIR  01,Rural,20-24,644484,339507,304977,95032,61808,33224,57763,37101,20662,34913,23219,11694,1473,998,475,660,388,272,223,102,121
C3010,01,00,0000,State - JAMMU & KASHMIR  01,Rural,25-29,560822,293086,267736,9405,6986,2419,0,0,0,7382,5541,1841,1307,977,330,524,377,147,192,91,101
C3010,01,00,0000,State - JAMMU & KASHMIR  01,Rural,30-34,488681,257102,231579,2733,2118,615,0,0,0,1652,1349,303,617,474,143,272,205,67,192,90,102
C3010,01,00,0000,State - JAMMU & KASHMIR  01,Rural,35-59,1625717,863871,761846,4442,3293,1149,0,0,0,1440,1236,204,1607,1223,384,762,548,214,633,286,347
C3010,01,00,0000,State - JAMMU & KASHMIR  01,Rural,60+,515262,280676,234586,955,631,324,0,0,0,331,229,102,295,205,90,135,88,47,194,109,85
C3010,01,00,0000,State - JAMMU & KASHMIR  01,Rural,Age not stated,34537,18422,16115,237,156,81,0,0,0,154,103,51,36,24,12,32,23,9,15,6,9
C3010,01,00,0000,State - JAMMU & KASHMIR  01,Urban,All ages,2516638,1383274,1133364,736976,398304,338672,640740,343893,296847,84351,46343,38008,8092,5529,2563,3190,2210,980,603,329,274
C3010,01,00,0000,State - JAMMU & KASHMIR  01,Urban,0-4,172907,92464,80443,14516,7713,6803,14516,7713,6803,0,0,0,0,0,0,0,0,0,0,0,0
C3010,01,00,0000,State - JAMMU & KASHMIR  01,Urban,5,44828,23888,20940,16319,8844,7475,16319,8844,7475,0,0,0,0,0,0,0,0,0,0,0,0
C3010,01,00,0000,State - JAMMU & KASHMIR  01,Urban,6,53103,28233,24870,29096,15620,13476,29096,15620,13476,0,0,0,0,0,0,0,0,0,0,0,0
C3010,01,00,0000,State - JAMMU & KASHMIR  01,Urban,7,45704,24177,21527,36133,19445,16688,36133,19445,16688,0,0,0,0,0,0,0,0,0,0,0,0
C3010,01,00,0000,State - JAMMU & KASHMIR  01,Urban,8,63834,33802,30032,52710,28368,24342,52710,28368,24342,0,0,0,0,0,0,0,0,0,0,0,0
C3010,01,00,0000,State - JAMMU & KASHMIR  01,Urban,9,47940,25462,22478,41340,22379,18961,41340,22379,18961,0,0,0,0,0,0,0,0,0,0,0,0
C3010,01,00,0000,State - JAMMU & KASHMIR  01,Urban,10,77464,41014,36450,65300,35161,30139,65300,35161,30139,0,0,0,0,0,0,0,0,0,0,0,0
C3010,01,00,0000,State - JAMMU & KASHMIR  01,Urban,11,39793,20977,18816,35288,18910,16378,35288,18910,16378,0,0,0,0,0,0,0,0,0,0,0,0
C3010,01,00,0000,State - JAMMU & KASHMIR  01,Urban,12,70530,37173,33357,59998,32218,27780,59998,32218,27780,0,0,0,0,0,0,0,0,0,0,0,0
C3010,01,00,0000,State - JAMMU & KASHMIR  01,Urban,13,48223,24710,23513,41771,21805,19966,41771,21805,19966,0,0,0,0,0,0,0,0,0,0,0,0
C3010,01,00,0000,State - JAMMU & KASHMIR  01,Urban,14,61526,32304,29222,51575,27704,23871,51575,27704,23871,0,0,0,0,0,0,0,0,0,0,0,0
C3010,01,00,0000,State - JAMMU & KASHMIR  01,Urban,15-19,280695,147641,133054,195056,103858,91198,168903,89911,78992,23819,12405,11414,1573,1020,553,692,476,216,69,46,23
C3010,01,00,0000,State - JAMMU & KASHMIR  01,Urban,20-24,245485,136962,108523,77369,42907,34462,27791,15815,11976,46663,25311,21352,2210,1364,846,611,374,237,94,43,51
C3010,01,00,0000,State - JAMMU & KASHMIR  01,Urban,25-29,228561,129582,98979,11398,6928,4470,0,0,0,8764,5207,3557,1695,1089,606,849,587,262,90,45,45
C3010,01,00,0000,State - JAMMU & KASHMIR  01,Urban,30-34,208457,121675,86782,3141,2118,1023,0,0,0,2128,1382,746,672,498,174,276,201,75,65,37,28
C3010,01,00,0000,State - JAMMU & KASHMIR  01,Urban,35-59,656348,371645,284703,4757,3521,1236,0,0,0,2212,1565,647,1646,1328,318,654,491,163,245,137,108
C3010,01,00,0000,State - JAMMU & KASHMIR  01,Urban,60+,160062,85151,74911,959,654,305,0,0,0,565,355,210,266,210,56,94,72,22,34,17,17
C3010,01,00,0000,State - JAMMU & KASHMIR  01,Urban,Age not stated,11178,6414,4764,250,151,99,0,0,0,200,118,82,30,20,10,14,9,5,6,4,2
C3010,01,01,0000,District - Kupwara  01,Total,All ages,650393,341303,309090,131433,77261,54172,124934,72688,52246,5405,3744,1661,528,412,116,388,332,56,178,85,93
C3010,01,01,0000,District - Kupwara  01,Total,0-4,72132,35807,36325,907,466,441,907,466,441,0,0,0,0,0,0,0,0,0,0,0,0
C3010,01,01,0000,District - Kupwara  01,Total,5,16955,8341,8614,915,492,423,915,492,423,0,0,0,0,0,0,0,0,0,0,0,0
C3010,01,01,0000,District - Kupwara  01,Total,6,23509,11561,11948,4968,2636,2332,4968,2636,2332,0,0,0,0,0,0,0,0,0,0,0,0
C3010,01,01,0000,District - Kupwara  01,Total,7,14071,6917,7154,5520,3002,2518,5520,3002,2518,0,0,0,0,0,0,0,0,0,0,0,0
C3010,01,01,0000,District - Kupwara  01,Total,8,24247,12077,12170,12217,6781,5436,12217,6781,5436,0,0,0,0,0,0,0,0,0,0,0,0
C3010,01,01,0000,District - Kupwara  01,Total,9,16575,8247,8328,9400,5078,4322,9400,5078,4322,0,0,0,0,0,0,0,0,0,0,0,0
C3010,01,01,0000,District - Kupwara  01,Total,10,28936,14765,14171,16185,9245,6940,16185,9245,6940,0,0,0,0,0,0,0,0,0,0,0,0
C3010,01,01,0000,District - Kupwara  01,Total,11,10657,5551,5106,6745,3884,2861,6745,3884,2861,0,0,0,0,0,0,0,0,0,0,0,0
C3010,01,01,0000,District - Kupwara  01,Total,12,25151,12841,12310,14895,8690,6205,14895,8690,6205,0,0,0,0,0,0,0,0,0,0,0,0
C3010,01,01,0000,District - Kupwara  01,Total,13,12091,6220,5871,7342,4302,3040,7342,4302,3040,0,0,0,0,0,0,0,0,0,0,0,0
C3010,01,01,0000,District - Kupwara  01,Total,14,18600,9663,8937,11079,6599,4480,11079,6599,4480,0,0,0,0,0,0,0,0,0,0,0,0
C3010,01,01,0000,District - Kupwara  01,Total,15-19,72813,37291,35522,30972,19100,11872,29355,18019,11336,1388,889,499,36,25,11,177,161,16,16,6,10
C3010,01,01,0000,District - Kupwara  01,Total,20-24,53029,28337,24692,8381,5512,2869,5406,3494,1912,2812,1918,894,59,36,23,70,52,18,34,12,22
C3010,01,01,0000,District - Kupwara  01,Total,25-29,46024,25083,20941,1007,764,243,0,0,0,841,639,202,109,86,23,40,33,7,17,6,11
C3010,01,01,0000,District - Kupwara  01,Total,30-34,40241,22372,17869,318,255,63,0,0,0,176,148,28,101,80,21,22,19,3,19,8,11
C3010,01,01,0000,District - Kupwara  01,Total,35-59,133636,72836,60800,457,372,85,0,0,0,141,121,20,188,159,29,66,58,8,62,34,28
C3010,01,01,0000,District - Kupwara  01,Total,60+,37008,20947,16061,88,62,26,0,0,0,24,17,7,31,23,8,7,5,2,26,17,9
C3010,01,01,0000,District - Kupwara  01,Total,Age not stated,4718,2447,2271,37,21,16,0,0,0,23,12,11,4,3,1,6,4,2,4,2,2
C3010,01,01,0000,District - Kupwara  01,Rural,All ages,624898,326196,298702,124423,73302,51121,118725,69286,49439,4812,3371,1441,458,351,107,264,212,52,164,82,82
C3010,01,01,0000,District - Kupwara  01,Rural,0-4,69980,34677,35303,849,441,408,849,441,408,0,0,0,0,0,0,0,0,0,0,0,0
C3010,01,01,0000,District - Kupwara  01,Rural,5,16415,8059,8356,826,451,375,826,451,375,0,0,0,0,0,0,0,0,0,0,0,0
C3010,01,01,0000,District - Kupwara  01,Rural,6,22733,11134,11599,4675,2479,2196,4675,2479,2196,0,0,0,0,0,0,0,0,0,0,0,0
C3010,01,01,0000,District - Kupwara  01,Rural,7,13568,6657,6911,5223,2846,2377,5223,2846,2377,0,0,0,0,0,0,0,0,0,0,0,0
C3010,01,01,0000,District - Kupwara  01,Rural,8,23416,11639,11777,11653,6480,5173,11653,6480,5173,0,0,0,0,0,0,0,0,0,0,0,0
C3010,01,01,0000,District - Kupwara  01,Rural,9,16027,7966,8061,8962,4847,4115,8962,4847,4115,0,0,0,0,0,0,0,0,0,0,0,0
C3010,01,01,0000,District - Kupwara  01,Rural,10,28020,14259,13761,15470,8846,6624,15470,8846,6624,0,0,0,0,0,0,0,0,0,0,0,0
C3010,01,01,0000,District - Kupwara  01,Rural,11,10280,5348,4932,6431,3711,2720,6431,3711,2720,0,0,0,0,0,0,0,0,0,0,0,0
C3010,01,01,0000,District - Kupwara  01,Rural,12,24354,12402,11952,14226,8311,5915,14226,8311,5915,0,0,0,0,0,0,0,0,0,0,0,0
C3010,01,01,0000,District - Kupwara  01,Rural,13,11710,6014,5696,7019,4121,2898,7019,4121,2898,0,0,0,0,0,0,0,0,0,0,0,0
C3010,01,01,0000,District - Kupwara  01,Rural,14,17892,9289,8603,10494,6275,4219,10494,6275,4219,0,0,0,0,0,0,0,0,0,0,0,0
C3010,01,01,0000,District - Kupwara  01,Rural,15-19,69954,35674,34280,29095,18021,11074,27776,17154,10622,1180,763,417,33,22,11,91,77,14,15,5,10
C3010,01,01,0000,District - Kupwara  01,Rural,20-24,50227,26527,23700,7767,5131,2636,5121,3324,1797,2508,1727,781,53,33,20,53,35,18,32,12,20
C3010,01,01,0000,District - Kupwara  01,Rural,25-29,43654,23485,20169,925,704,221,0,0,0,785,601,184,96,76,20,28,22,6,16,5,11
C3010,01,01,0000,District - Kupwara  01,Rural,30-34,38109,20913,17196,288,231,57,0,0,0,163,139,24,88,67,21,20,17,3,17,8,9
C3010,01,01,0000,District - Kupwara  01,Rural,35-59,128025,69395,58630,401,328,73,0,0,0,131,113,18,155,128,27,60,53,7,55,34,21
C3010,01,01,0000,District - Kupwara  01,Rural,60+,35875,20346,15529,83,59,24,0,0,0,23,17,6,29,22,7,6,4,2,25,16,9
C3010,01,01,0000,District - Kupwara  01,Rural,Age not stated,4659,2412,2247,36,20,16,0,0,0,22,11,11,4,3,1,6,4,2,4,2,2
C3010,01,01,0000,District - Kupwara  01,Urban,All ages,25495,15107,10388,7010,3959,3051,6209,3402,2807,593,373,220,70,61,9,124,120,4,14,3,11
C3010,01,01,0000,District - Kupwara  01,Urban,0-4,2152,1130,1022,58,25,33,58,25,33,0,0,0,0,0,0,0,0,0,0,0,0
C3010,01,01,0000,District - Kupwara  01,Urban,5,540,282,258,89,41,48,89,41,48,0,0,0,0,0,0,0,0,0,0,0,0
C3010,01,01,0000,District - Kupwara  01,Urban,6,776,427,349,293,157,136,293,157,136,0,0,0,0,0,0,0,0,0,0,0,0
C3010,01,01,0000,District - Kupwara  01,Urban,7,503,260,243,297,156,141,297,156,141,0,0,0,0,0,0,0,0,0,0,0,0
C3010,01,01,0000,District - Kupwara  01,Urban,8,831,438,393,564,301,263,564,301,263,0,0,0,0,0,0,0,0,0,0,0,0
C3010,01,01,0000,District - Kupwara  01,Urban,9,548,281,267,438,231,207,438,231,207,0,0,0,0,0,0,0,0,0,0,0,0
C3010,01,01,0000,District - Kupwara  01,Urban,10,916,506,410,715,399,316,715,399,316,0,0,0,0,0,0,0,0,0,0,0,0
C3010,01,01,0000,District - Kupwara  01,Urban,11,377,203,174,314,173,141,314,173,141,0,0,0,0,0,0,0,0,0,0,0,0
C3010,01,01,0000,District - Kupwara  01,Urban,12,797,439,358,669,379,290,669,379,290,0,0,0,0,0,0,0,0,0,0,0,0
C3010,01,01,0000,District - Kupwara  01,Urban,13,381,206,175,323,181,142,323,181,142,0,0,0,0,0,0,0,0,0,0,0,0
C3010,01,01,0000,District - Kupwara  01,Urban,14,708,374,334,585,324,261,585,324,261,0,0,0,0,0,0,0,0,0,0,0,0
C3010,01,01,0000,District - Kupwara  01,Urban,15-19,2859,1617,1242,1877,1079,798,1579,865,714,208,126,82,3,3,0,86,84,2,1,1,0
C3010,01,01,0000,District - Kupwara  01,Urban,20-24,2802,1810,992,614,381,233,285,170,115,304,191,113,6,3,3,17,17,0,2,0,2
C3010,01,01,0000,District - Kupwara  01,Urban,25-29,2370,1598,772,82,60,22,0,0,0,56,38,18,13,10,3,12,11,1,1,1,0
C3010,01,01,0000,District - Kupwara  01,Urban,30-34,2132,1459,673,30,24,6,0,0,0,13,9,4,13,13,0,2,2,0,2,0,2
C3010,01,01,0000,District - Kupwara  01,Urban,35-59,5611,3441,2170,56,44,12,0,0,0,10,8,2,33,31,2,6,5,1,7,0,7
C3010,01,01,0000,District - Kupwara  01,Urban,60+,1133,601,532,5,3,2,0,0,0,1,0,1,2,1,1,1,1,0,1,1,0
C3010,01,01,0000,District - Kupwara  01,Urban,Age not stated,59,35,24,1,1,0,0,0,0,1,1,0,0,0,0,0,0,0,0,0,0
C3010,01,02,0000,District - Baramula  02,Total,All ages,1169780,614816,554964,272015,158337,113678,254850,146969,107881,13973,9243,4730,1889,1345,544,770,535,235,533,245,288
C3010,01,02,0000,District - Baramula  02,Total,0-4,118221,60337,57884,2809,1543,1266,2809,1543,1266,0,0,0,0,0,0,0,0,0,0,0,0
C3010,01,02,0000,District - Baramula  02,Total,5,29575,14944,14631,3255,1767,1488,3255,1767,1488,0,0,0,0,0,0,0,0,0,0,0,0
C3010,01,02,0000,District - Baramula  02,Total,6,37373,19043,18330,11401,6165,5236,11401,6165,5236,0,0,0,0,0,0,0,0,0,0,0,0
C3010,01,02,0000,District - Baramula  02,Total,7,25247,12747,12500,13374,7285,6089,13374,7285,6089,0,0,0,0,0,0,0,0,0,0,0,0
C3010,01,02,0000,District - Baramula  02,Total,8,41034,20822,20212,25243,13894,11349,25243,13894,11349,0,0,0,0,0,0,0,0,0,0,0,0
C3010,01,02,0000,District - Baramula  02,Total,9,29254,14986,14268,19912,10979,8933,19912,10979,8933,0,0,0,0,0,0,0,0,0,0,0,0
C3010,01,02,0000,District - Baramula  02,Total,10,47323,24499,22824,30795,17391,13404,30795,17391,13404,0,0,0,0,0,0,0,0,0,0,0,0
C3010,01,02,0000,District - Baramula  02,Total,11,21289,11133,10156,15334,8661,6673,15334,8661,6673,0,0,0,0,0,0,0,0,0,0,0,0
C3010,01,02,0000,District - Baramula  02,Total,12,40089,20738,19351,26211,15129,11082,26211,15129,11082,0,0,0,0,0,0,0,0,0,0,0,0
C3010,01,02,0000,District - Baramula  02,Total,13,24307,12491,11816,16164,9359,6805,16164,9359,6805,0,0,0,0,0,0,0,0,0,0,0,0
C3010,01,02,0000,District - Baramula  02,Total,14,32354,17014,15340,20521,12160,8361,20521,12160,8361,0,0,0,0,0,0,0,0,0,0,0,0
C3010,01,02,0000,District - Baramula  02,Total,15-19,135613,69805,65808,62613,38037,24576,58495,35454,23041,3609,2253,1356,237,145,92,246,172,74,26,13,13
C3010,01,02,0000,District - Baramula  02,Total,20-24,97579,51471,46108,19189,12286,6903,11336,7182,4154,7319,4742,2577,388,279,109,87,59,28,59,24,35
C3010,01,02,0000,District - Baramula  02,Total,25-29,84750,44823,39927,2492,1767,725,0,0,0,1915,1368,547,423,309,114,97,64,33,57,26,31
C3010,01,02,0000,District - Baramula  02,Total,30-34,74915,40350,34565,845,625,220,0,0,0,519,403,116,194,143,51,69,50,19,63,29,34
C3010,01,02,0000,District - Baramula  02,Total,35-59,254098,136193,117905,1521,1067,454,0,0,0,466,374,92,561,416,145,233,165,68,261,112,149
C3010,01,02,0000,District - Baramula  02,Total,60+,74612,42160,32452,328,218,110,0,0,0,139,100,39,84,52,32,38,25,13,67,41,26
C3010,01,02,0000,District - Baramula  02,Total,Age not stated,2147,1260,887,8,4,4,0,0,0,6,3,3,2,1,1,0,0,0,0,0,0
C3010,01,02,0000,District - Baramula  02,Rural,All ages,973458,509182,464276,215416,127069,88347,204111,119209,84902,9024,6347,2677,1270,928,342,579,383,196,432,202,230
C3010,01,02,0000,District - Baramula  02,Rural,0-4,102317,52061,50256,1944,1080,864,1944,1080,864,0,0,0,0,0,0,0,0,0,0,0,0
C3010,01,02,0000,District - Baramula  02,Rural,5,25555,12927,12628,2312,1282,1030,2312,1282,1030,0,0,0,0,0,0,0,0,0,0,0,0
C3010,01,02,0000,District - Baramula  02,Rural,6,31983,16277,15706,8960,4875,4085,8960,4875,4085,0,0,0,0,0,0,0,0,0,0,0,0
C3010,01,02,0000,District - Baramula  02,Rural,7,21392,10782,10610,10826,5930,4896,10826,5930,4896,0,0,0,0,0,0,0,0,0,0,0,0
C3010,01,02,0000,District - Baramula  02,Rural,8,34746,17596,17150,20684,11462,9222,20684,11462,9222,0,0,0,0,0,0,0,0,0,0,0,0
C3010,01,02,0000,District - Baramula  02,Rural,9,24848,12686,12162,16597,9194,7403,16597,9194,7403,0,0,0,0,0,0,0,0,0,0,0,0
C3010,01,02,0000,District - Baramula  02,Rural,10,39824,20570,19254,25178,14352,10826,25178,14352,10826,0,0,0,0,0,0,0,0,0,0,0,0
C3010,01,02,0000,District - Baramula  02,Rural,11,18001,9455,8546,12633,7237,5396,12633,7237,5396,0,0,0,0,0,0,0,0,0,0,0,0
C3010,01,02,0000,District - Baramula  02,Rural,12,33678,17382,16296,21418,12520,8898,21418,12520,8898,0,0,0,0,0,0,0,0,0,0,0,0
C3010,01,02,0000,District - Baramula  02,Rural,13,20387,10427,9960,13151,7670,5481,13151,7670,5481,0,0,0,0,0,0,0,0,0,0,0,0
C3010,01,02,0000,District - Baramula  02,Rural,14,26957,14162,12795,16516,9959,6557,16516,9959,6557,0,0,0,0,0,0,0,0,0,0,0,0
C3010,01,02,0000,District - Baramula  02,Rural,15-19,112111,57385,54726,48191,29952,18239,45349,28090,17259,2466,1612,854,133,82,51,220,156,64,23,12,11
C3010,01,02,0000,District - Baramula  02,Rural,20-24,80011,41924,38087,13576,9047,4529,8543,5558,2985,4653,3234,1419,260,189,71,70,45,25,50,21,29
C3010,01,02,0000,District - Baramula  02,Rural,25-29,69197,36244,32953,1623,1220,403,0,0,0,1231,937,294,290,224,66,62,38,24,40,21,19
C3010,01,02,0000,District - Baramula  02,Rural,30-34,60533,32201,28332,535,411,124,0,0,0,314,262,52,121,93,28,46,31,15,54,25,29
C3010,01,02,0000,District - Baramula  02,Rural,35-59,208283,111026,97257,1062,738,324,0,0,0,292,249,43,401,301,100,158,101,57,211,87,124
C3010,01,02,0000,District - Baramula  02,Rural,60+,61909,35089,26820,206,138,68,0,0,0,66,52,14,63,38,25,23,12,11,54,36,18
C3010,01,02,0000,District - Baramula  02,Rural,Age not stated,1726,988,738,4,2,2,0,0,0,2,1,1,2,1,1,0,0,0,0,0,0
C3010,01,02,0000,District - Baramula  02,Urban,All ages,196322,105634,90688,56599,31268,25331,50739,27760,22979,4949,2896,2053,619,417,202,191,152,39,101,43,58
C3010,01,02,0000,District - Baramula  02,Urban,0-4,15904,8276,7628,865,463,402,865,463,402,0,0,0,0,0,0,0,0,0,0,0,0
C3010,01,02,0000,District - Baramula  02,Urban,5,4020,2017,2003,943,485,458,943,485,458,0,0,0,0,0,0,0,0,0,0,0,0
C3010,01,02,0000,District - Baramula  02,Urban,6,5390,2766,2624,2441,1290,1151,2441,1290,1151,0,0,0,0,0,0,0,0,0,0,0,0
C3010,01,02,0000,District - Baramula  02,Urban,7,3855,1965,1890,2548,1355,1193,2548,1355,1193,0,0,0,0,0,0,0,0,0,0,0,0
C3010,01,02,0000,District - Baramula  02,Urban,8,6288,3226,3062,4559,2432,2127,4559,2432,2127,0,0,0,0,0,0,0,0,0,0,0,0
C3010,01,02,0000,District - Baramula  02,Urban,9,4406,2300,2106,3315,1785,1530,3315,1785,1530,0,0,0,0,0,0,0,0,0,0,0,0
C3010,01,02,0000,District - Baramula  02,Urban,10,7499,3929,3570,5617,3039,2578,5617,3039,2578,0,0,0,0,0,0,0,0,0,0,0,0
C3010,01,02,0000,District - Baramula  02,Urban,11,3288,1678,1610,2701,1424,1277,2701,1424,1277,0,0,0,0,0,0,0,0,0,0,0,0
C3010,01,02,0000,District - Baramula  02,Urban,12,6411,3356,3055,4793,2609,2184,4793,2609,2184,0,0,0,0,0,0,0,0,0,0,0,0
C3010,01,02,0000,District - Baramula  02,Urban,13,3920,2064,1856,3013,1689,1324,3013,1689,1324,0,0,0,0,0,0,0,0,0,0,0,0
C3010,01,02,0000,District - Baramula  02,Urban,14,5397,2852,2545,4005,2201,1804,4005,2201,1804,0,0,0,0,0,0,0,0,0,0,0,0
C3010,01,02,0000,District - Baramula  02,Urban,15-19,23502,12420,11082,14422,8085,6337,13146,7364,5782,1143,641,502,104,63,41,26,16,10,3,1,2
C3010,01,02,0000,District - Baramula  02,Urban,20-24,17568,9547,8021,5613,3239,2374,2793,1624,1169,2666,1508,1158,128,90,38,17,14,3,9,3,6
C3010,01,02,0000,District - Baramula  02,Urban,25-29,15553,8579,6974,869,547,322,0,0,0,684,431,253,133,85,48,35,26,9,17,5,12
C3010,01,02,0000,District - Baramula  02,Urban,30-34,14382,8149,6233,310,214,96,0,0,0,205,141,64,73,50,23,23,19,4,9,4,5
C3010,01,02,0000,District - Baramula  02,Urban,35-59,45815,25167,20648,459,329,130,0,0,0,174,125,49,160,115,45,75,64,11,50,25,25
C3010,01,02,0000,District - Baramula  02,Urban,60+,12703,7071,5632,122,80,42,0,0,0,73,48,25,21,14,7,15,13,2,13,5,8
C3010,01,02,0000,District - Baramula  02,Urban,Age not stated,421,272,149,4,2,2,0,0,0,4,2,2,0,0,0,0,0,0,0,0,0
C3010,01,03,0000,District - Srinagar  03,Total,All ages,1202447,649491,552956,350396,192675,157721,303386,164763,138623,42141,24391,17750,3470,2512,958,1087,832,255,312,177,135
C3010,01,03,0000,District - Srinagar  03,Total,0-4,78478,40185,38293,5746,2998,2748,5746,2998,2748,0,0,0,0,0,0,0,0,0,0,0,0
C3010,01,03,0000,District - Srinagar  03,Total,5,21539,11123,10416,6876,3608,3268,6876,3608,3268,0,0,0,0,0,0,0,0,0,0,0,0
C3010,01,03,0000,District - Srinagar  03,Total,6,29213,15013,14200,14326,7598,6728,14326,7598,6728,0,0,0,0,0,0,0,0,0,0,0,0
C3010,01,03,0000,District - Srinagar  03,Total,7,22314,11405,10909,15613,8251,7362,15613,8251,7362,0,0,0,0,0,0,0,0,0,0,0,0
C3010,01,03,0000,District - Srinagar  03,Total,8,35253,18262,16991,25764,13803,11961,25764,13803,11961,0,0,0,0,0,0,0,0,0,0,0,0
C3010,01,03,0000,District - Srinagar  03,Total,9,24525,12845,11680,19140,10437,8703,19140,10437,8703,0,0,0,0,0,0,0,0,0,0,0,0
C3010,01,03,0000,District - Srinagar  03,Total,10,43921,22909,21012,33550,18145,15405,33550,18145,15405,0,0,0,0,0,0,0,0,0,0,0,0
C3010,01,03,0000,District - Srinagar  03,Total,11,18466,9541,8925,14987,8050,6937,14987,8050,6937,0,0,0,0,0,0,0,0,0,0,0,0
C3010,01,03,0000,District - Srinagar  03,Total,12,38920,20293,18627,29974,16348,13626,29974,16348,13626,0,0,0,0,0,0,0,0,0,0,0,0
C3010,01,03,0000,District - Srinagar  03,Total,13,23756,12037,11719,18778,10008,8770,18778,10008,8770,0,0,0,0,0,0,0,0,0,0,0,0
C3010,01,03,0000,District - Srinagar  03,Total,14,33249,17327,15922,25479,13999,11480,25479,13999,11480,0,0,0,0,0,0,0,0,0,0,0,0
C3010,01,03,0000,District - Srinagar  03,Total,15-19,144321,74961,69360,92298,50777,41521,79726,43771,35955,12070,6697,5373,369,222,147,85,56,29,48,31,17
C3010,01,03,0000,District - Srinagar  03,Total,20-24,115529,63937,51592,36326,20839,15487,13427,7747,5680,22137,12602,9535,596,390,206,125,83,42,41,17,24
C3010,01,03,0000,District - Srinagar  03,Total,25-29,102046,57499,44547,6084,3757,2327,0,0,0,5072,3081,1991,728,466,262,254,195,59,30,15,15
C3010,01,03,0000,District - Srinagar  03,Total,30-34,90851,51985,38866,1838,1286,552,0,0,0,1246,856,390,413,309,104,143,102,41,36,19,17
C3010,01,03,0000,District - Srinagar  03,Total,35-59,302936,168164,134772,2942,2305,637,0,0,0,1201,896,305,1182,976,206,418,345,73,141,88,53
C3010,01,03,0000,District - Srinagar  03,Total,60+,69741,38100,31641,504,362,142,0,0,0,268,169,99,166,140,26,54,46,8,16,7,9
C3010,01,03,0000,District - Srinagar  03,Total,Age not stated,7389,3905,3484,171,104,67,0,0,0,147,90,57,16,9,7,8,5,3,0,0,0
C3010,01,03,0000,District - Srinagar  03,Rural,All ages,256281,133934,122347,53027,31864,21163,50595,30050,20545,2052,1539,513,254,185,69,94,77,17,32,13,19
C3010,01,03,0000,District - Srinagar  03,Rural,0-4,24406,12132,12274,643,361,282,643,361,282,0,0,0,0,0,0,0,0,0,0,0,0
C3010,01,03,0000,District - Srinagar  03,Rural,5,6267,3175,3092,777,426,351,777,426,351,0,0,0,0,0,0,0,0,0,0,0,0
C3010,01,03,0000,District - Srinagar  03,Rural,6,8782,4291,4491,2440,1313,1127,2440,1313,1127,0,0,0,0,0,0,0,0,0,0,0,0
C3010,01,03,0000,District - Srinagar  03,Rural,7,5896,2906,2990,2665,1428,1237,2665,1428,1237,0,0,0,0,0,0,0,0,0,0,0,0
C3010,01,03,0000,District - Srinagar  03,Rural,8,10119,5091,5028,5117,2841,2276,5117,2841,2276,0,0,0,0,0,0,0,0,0,0,0,0
C3010,01,03,0000,District - Srinagar  03,Rural,9,6438,3302,3136,3765,2131,1634,3765,2131,1634,0,0,0,0,0,0,0,0,0,0,0,0
C3010,01,03,0000,District - Srinagar  03,Rural,10,11234,5833,5401,6232,3601,2631,6232,3601,2631,0,0,0,0,0,0,0,0,0,0,0,0
C3010,01,03,0000,District - Srinagar  03,Rural,11,4557,2367,2190,2953,1696,1257,2953,1696,1257,0,0,0,0,0,0,0,0,0,0,0,0
C3010,01,03,0000,District - Srinagar  03,Rural,12,9728,5079,4649,5476,3275,2201,5476,3275,2201,0,0,0,0,0,0,0,0,0,0,0,0
C3010,01,03,0000,District - Srinagar  03,Rural,13,5427,2725,2702,3265,1929,1336,3265,1929,1336,0,0,0,0,0,0,0,0,0,0,0,0
C3010,01,03,0000,District - Srinagar  03,Rural,14,7233,3739,3494,4015,2467,1548,4015,2467,1548,0,0,0,0,0,0,0,0,0,0,0,0
C3010,01,03,0000,District - Srinagar  03,Rural,15-19,29239,14967,14272,11847,7611,4236,11112,7101,4011,668,473,195,46,24,22,17,13,4,4,0,4
C3010,01,03,0000,District - Srinagar  03,Rural,20-24,20689,11302,9387,3182,2243,939,2135,1481,654,976,712,264,53,40,13,12,8,4,6,2,4
C3010,01,03,0000,District - Srinagar  03,Rural,25-29,18067,9498,8569,308,255,53,0,0,0,251,212,39,43,32,11,11,9,2,3,2,1
C3010,01,03,0000,District - Srinagar  03,Rural,30-34,16480,8610,7870,106,91,15,0,0,0,62,56,6,24,21,3,15,12,3,5,2,3
C3010,01,03,0000,District - Srinagar  03,Rural,35-59,54723,29430,25293,207,178,29,0,0,0,84,79,5,79,62,17,34,30,4,10,7,3
C3010,01,03,0000,District - Srinagar  03,Rural,60+,14616,8367,6249,22,12,10,0,0,0,6,3,3,8,5,3,4,4,0,4,0,4
C3010,01,03,0000,District - Srinagar  03,Rural,Age not stated,2380,1120,1260,7,6,1,0,0,0,5,4,1,1,1,0,1,1,0,0,0,0
C3010,01,03,0000,District - Srinagar  03,Urban,All ages,946166,515557,430609,297369,160811,136558,252791,134713,118078,40089,22852,17237,3216,2327,889,993,755,238,280,164,116
C3010,01,03,0000,District - Srinagar  03,Urban,0-4,54072,28053,26019,5103,2637,2466,5103,2637,2466,0,0,0,0,0,0,0,0,0,0,0,0
C3010,01,03,0000,District - Srinagar  03,Urban,5,15272,7948,7324,6099,3182,2917,6099,3182,2917,0,0,0,0,0,0,0,0,0,0,0,0
C3010,01,03,0000,District - Srinagar  03,Urban,6,20431,10722,9709,11886,6285,5601,11886,6285,5601,0,0,0,0,0,0,0,0,0,0,0,0
C3010,01,03,0000,District - Srinagar  03,Urban,7,16418,8499,7919,12948,6823,6125,12948,6823,6125,0,0,0,0,0,0,0,0,0,0,0,0
C3010,01,03,0000,District - Srinagar  03,Urban,8,25134,13171,11963,20647,10962,9685,20647,10962,9685,0,0,0,0,0,0,0,0,0,0,0,0
C3010,01,03,0000,District - Srinagar  03,Urban,9,18087,9543,8544,15375,8306,7069,15375,8306,7069,0,0,0,0,0,0,0,0,0,0,0,0
C3010,01,03,0000,District - Srinagar  03,Urban,10,32687,17076,15611,27318,14544,12774,27318,14544,12774,0,0,0,0,0,0,0,0,0,0,0,0
C3010,01,03,0000,District - Srinagar  03,Urban,11,13909,7174,6735,12034,6354,5680,12034,6354,5680,0,0,0,0,0,0,0,0,0,0,0,0
C3010,01,03,0000,District - Srinagar  03,Urban,12,29192,15214,13978,24498,13073,11425,24498,13073,11425,0,0,0,0,0,0,0,0,0,0,0,0
C3010,01,03,0000,District - Srinagar  03,Urban,13,18329,9312,9017,15513,8079,7434,15513,8079,7434,0,0,0,0,0,0,0,0,0,0,0,0
C3010,01,03,0000,District - Srinagar  03,Urban,14,26016,13588,12428,21464,11532,9932,21464,11532,9932,0,0,0,0,0,0,0,0,0,0,0,0
C3010,01,03,0000,District - Srinagar  03,Urban,15-19,115082,59994,55088,80451,43166,37285,68614,36670,31944,11402,6224,5178,323,198,125,68,43,25,44,31,13
C3010,01,03,0000,District - Srinagar  03,Urban,20-24,94840,52635,42205,33144,18596,14548,11292,6266,5026,21161,11890,9271,543,350,193,113,75,38,35,15,20
C3010,01,03,0000,District - Srinagar  03,Urban,25-29,83979,48001,35978,5776,3502,2274,0,0,0,4821,2869,1952,685,434,251,243,186,57,27,13,14
C3010,01,03,0000,District - Srinagar  03,Urban,30-34,74371,43375,30996,1732,1195,537,0,0,0,1184,800,384,389,288,101,128,90,38,31,17,14
C3010,01,03,0000,District - Srinagar  03,Urban,35-59,248213,138734,109479,2735,2127,608,0,0,0,1117,817,300,1103,914,189,384,315,69,131,81,50
C3010,01,03,0000,District - Srinagar  03,Urban,60+,55125,29733,25392,482,350,132,0,0,0,262,166,96,158,135,23,50,42,8,12,7,5
C3010,01,03,0000,District - Srinagar  03,Urban,Age not stated,5009,2785,2224,164,98,66,0,0,0,142,86,56,15,8,7,7,4,3,0,0,0
C3010,01,04,0000,District - Badgam  04,Total,All ages,629309,326050,303259,146491,85805,60686,136658,78685,57973,8696,6274,2422,801,645,156,206,153,53,130,48,82
C3010,01,04,0000,District - Badgam  04,Total,0-4,60606,30219,30387,1055,569,486,1055,569,486,0,0,0,0,0,0,0,0,0,0,0,0
C3010,01,04,0000,District - Badgam  04,Total,5,15876,8059,7817,1609,867,742,1609,867,742,0,0,0,0,0,0,0,0,0,0,0,0
C3010,01,04,0000,District - Badgam  04,Total,6,21052,10440,10612,5776,3064,2712,5776,3064,2712,0,0,0,0,0,0,0,0,0,0,0,0
C3010,01,04,0000,District - Badgam  04,Total,7,14415,7189,7226,7302,3969,3333,7302,3969,3333,0,0,0,0,0,0,0,0,0,0,0,0
C3010,01,04,0000,District - Badgam  04,Total,8,22837,11505,11332,13442,7336,6106,13442,7336,6106,0,0,0,0,0,0,0,0,0,0,0,0
C3010,01,04,0000,District - Badgam  04,Total,9,16575,8364,8211,10722,5835,4887,10722,5835,4887,0,0,0,0,0,0,0,0,0,0,0,0
C3010,01,04,0000,District - Badgam  04,Total,10,26735,13689,13046,16757,9370,7387,16757,9370,7387,0,0,0,0,0,0,0,0,0,0,0,0
C3010,01,04,0000,District - Badgam  04,Total,11,11893,6160,5733,8362,4740,3622,8362,4740,3622,0,0,0,0,0,0,0,0,0,0,0,0
C3010,01,04,0000,District - Badgam  04,Total,12,23009,11755,11254,14755,8422,6333,14755,8422,6333,0,0,0,0,0,0,0,0,0,0,0,0
C3010,01,04,0000,District - Badgam  04,Total,13,13538,6851,6687,8984,5134,3850,8984,5134,3850,0,0,0,0,0,0,0,0,0,0,0,0
C3010,01,04,0000,District - Badgam  04,Total,14,19028,9627,9401,11748,6786,4962,11748,6786,4962,0,0,0,0,0,0,0,0,0,0,0,0
C3010,01,04,0000,District - Badgam  04,Total,15-19,74401,37897,36504,33305,20618,12687,30763,18924,11839,2376,1589,787,139,92,47,22,12,10,5,1,4
C3010,01,04,0000,District - Badgam  04,Total,20-24,51644,26992,24652,10290,7223,3067,5383,3669,1714,4699,3405,1294,178,133,45,20,13,7,10,3,7
C3010,01,04,0000,District - Badgam  04,Total,25-29,43226,22678,20548,1357,1065,292,0,0,0,1123,876,247,173,142,31,52,42,10,9,5,4
C3010,01,04,0000,District - Badgam  04,Total,30-34,38904,20584,18320,372,292,80,0,0,0,247,191,56,82,71,11,27,21,6,16,9,7
C3010,01,04,0000,District - Badgam  04,Total,35-59,134305,71415,62890,510,404,106,0,0,0,174,154,20,195,179,16,68,49,19,73,22,51
C3010,01,04,0000,District - Badgam  04,Total,60+,35753,19741,16012,91,73,18,0,0,0,27,23,4,31,26,5,17,16,1,16,8,8
C3010,01,04,0000,District - Badgam  04,Total,Age not stated,5512,2885,2627,54,38,16,0,0,0,50,36,14,3,2,1,0,0,0,1,0,1
C3010,01,04,0000,District - Badgam  04,Rural,All ages,558721,287973,270748,123443,72608,50835,116668,67664,49004,5823,4227,1596,659,541,118,168,130,38,125,46,79
C3010,01,04,0000,District - Badgam  04,Rural,0-4,55511,27591,27920,867,470,397,867,470,397,0,0,0,0,0,0,0,0,0,0,0,0
C3010,01,04,0000,District - Badgam  04,Rural,5,14467,7349,7118,1340,732,608,1340,732,608,0,0,0,0,0,0,0,0,0,0,0,0
C3010,01,04,0000,District - Badgam  04,Rural,6,18954,9383,9571,4883,2608,2275,4883,2608,2275,0,0,0,0,0,0,0,0,0,0,0,0
C3010,01,04,0000,District - Badgam  04,Rural,7,12954,6426,6528,6290,3425,2865,6290,3425,2865,0,0,0,0,0,0,0,0,0,0,0,0
C3010,01,04,0000,District - Badgam  04,Rural,8,20481,10271,10210,11616,6336,5280,11616,6336,5280,0,0,0,0,0,0,0,0,0,0,0,0
C3010,01,04,0000,District - Badgam  04,Rural,9,14998,7555,7443,9464,5175,4289,9464,5175,4289,0,0,0,0,0,0,0,0,0,0,0,0
C3010,01,04,0000,District - Badgam  04,Rural,10,23836,12158,11678,14442,8107,6335,14442,8107,6335,0,0,0,0,0,0,0,0,0,0,0,0
C3010,01,04,0000,District - Badgam  04,Rural,11,10680,5513,5167,7365,4184,3181,7365,4184,3181,0,0,0,0,0,0,0,0,0,0,0,0
C3010,01,04,0000,District - Badgam  04,Rural,12,20626,10537,10089,12799,7389,5410,12799,7389,5410,0,0,0,0,0,0,0,0,0,0,0,0
C3010,01,04,0000,District - Badgam  04,Rural,13,12003,6087,5916,7715,4483,3232,7715,4483,3232,0,0,0,0,0,0,0,0,0,0,0,0
C3010,01,04,0000,District - Badgam  04,Rural,14,16954,8571,8383,10074,5902,4172,10074,5902,4172,0,0,0,0,0,0,0,0,0,0,0,0
C3010,01,04,0000,District - Badgam  04,Rural,15-19,65749,33324,32425,27543,17336,10207,25676,16068,9608,1744,1190,554,100,68,32,18,9,9,5,1,4
C3010,01,04,0000,District - Badgam  04,Rural,20-24,44692,22779,21913,7365,5098,2267,4137,2785,1352,3065,2194,871,136,104,32,18,12,6,9,3,6
C3010,01,04,0000,District - Badgam  04,Rural,25-29,37898,19726,18172,908,746,162,0,0,0,718,592,126,137,112,25,45,37,8,8,5,3
C3010,01,04,0000,District - Badgam  04,Rural,30-34,34050,17946,16104,256,213,43,0,0,0,153,130,23,69,60,9,20,16,4,14,7,7
C3010,01,04,0000,District - Badgam  04,Rural,35-59,117806,62471,55335,405,322,83,0,0,0,95,87,8,185,171,14,53,42,11,72,22,50
C3010,01,04,0000,District - Badgam  04,Rural,60+,32002,17635,14367,72,55,17,0,0,0,13,9,4,29,24,5,14,14,0,16,8,8
C3010,01,04,0000,District - Badgam  04,Rural,Age not stated,5060,2651,2409,39,27,12,0,0,0,35,25,10,3,2,1,0,0,0,1,0,1
C3010,01,04,0000,District - Badgam  04,Urban,All ages,70588,38077,32511,23048,13197,9851,19990,11021,8969,2873,2047,826,142,104,38,38,23,15,5,2,3
C3010,01,04,0000,District - Badgam  04,Urban,0-4,5095,2628,2467,188,99,89,188,99,89,0,0,0,0,0,0,0,0,0,0,0,0
C3010,01,04,0000,District - Badgam  04,Urban,5,1409,710,699,269,135,134,269,135,134,0,0,0,0,0,0,0,0,0,0,0,0
C3010,01,04,0000,District - Badgam  04,Urban,6,2098,1057,1041,893,456,437,893,456,437,0,0,0,0,0,0,0,0,0,0,0,0
C3010,01,04,0000,District - Badgam  04,Urban,7,1461,763,698,1012,544,468,1012,544,468,0,0,0,0,0,0,0,0,0,0,0,0
C3010,01,04,0000,District - Badgam  04,Urban,8,2356,1234,1122,1826,1000,826,1826,1000,826,0,0,0,0,0,0,0,0,0,0,0,0
C3010,01,04,0000,District - Badgam  04,Urban,9,1577,809,768,1258,660,598,1258,660,598,0,0,0,0,0,0,0,0,0,0,0,0
C3010,01,04,0000,District - Badgam  04,Urban,10,2899,1531,1368,2315,1263,1052,2315,1263,1052,0,0,0,0,0,0,0,0,0,0,0,0
C3010,01,04,0000,District - Badgam  04,Urban,11,1213,647,566,997,556,441,997,556,441,0,0,0,0,0,0,0,0,0,0,0,0
C3010,01,04,0000,District - Badgam  04,Urban,12,2383,1218,1165,1956,1033,923,1956,1033,923,0,0,0,0,0,0,0,0,0,0,0,0
C3010,01,04,0000,District - Badgam  04,Urban,13,1535,764,771,1269,651,618,1269,651,618,0,0,0,0,0,0,0,0,0,0,0,0
C3010,01,04,0000,District - Badgam  04,Urban,14,2074,1056,1018,1674,884,790,1674,884,790,0,0,0,0,0,0,0,0,0,0,0,0
C3010,01,04,0000,District - Badgam  04,Urban,15-19,8652,4573,4079,5762,3282,2480,5087,2856,2231,632,399,233,39,24,15,4,3,1,0,0,0
C3010,01,04,0000,District - Badgam  04,Urban,20-24,6952,4213,2739,2925,2125,800,1246,884,362,1634,1211,423,42,29,13,2,1,1,1,0,1
C3010,01,04,0000,District - Badgam  04,Urban,25-29,5328,2952,2376,449,319,130,0,0,0,405,284,121,36,30,6,7,5,2,1,0,1
C3010,01,04,0000,District - Badgam  04,Urban,30-34,4854,2638,2216,116,79,37,0,0,0,94,61,33,13,11,2,7,5,2,2,2,0
C3010,01,04,0000,District - Badgam  04,Urban,35-59,16499,8944,7555,105,82,23,0,0,0,79,67,12,10,8,2,15,7,8,1,0,1
C3010,01,04,0000,District - Badgam  04,Urban,60+,3751,2106,1645,19,18,1,0,0,0,14,14,0,2,2,0,3,2,1,0,0,0
C3010,01,04,0000,District - Badgam  04,Urban,Age not stated,452,234,218,15,11,4,0,0,0,15,11,4,0,0,0,0,0,0,0,0,0
C3010,01,05,0000,District - Pulwama  05,Total,All ages,652607,335544,317063,175795,97262,78533,163735,89153,74582,11041,7369,3672,612,476,136,252,174,78,155,90,65
C3010,01,05,0000,District - Pulwama  05,Total,0-4,51519,25312,26207,1202,622,580,1202,622,580,0,0,0,0,0,0,0,0,0,0,0,0
C3010,01,05,0000,District - Pulwama  05,Total,5,14553,7192,7361,1745,920,825,1745,920,825,0,0,0,0,0,0,0,0,0,0,0,0
C3010,01,05,0000,District - Pulwama  05,Total,6,18912,9302,9610,6280,3241,3039,6280,3241,3039,0,0,0,0,0,0,0,0,0,0,0,0
C3010,01,05,0000,District - Pulwama  05,Total,7,13968,6895,7073,8284,4300,3984,8284,4300,3984,0,0,0,0,0,0,0,0,0,0,0,0
C3010,01,05,0000,District - Pulwama  05,Total,8,22507,11144,11363,15416,7989,7427,15416,7989,7427,0,0,0,0,0,0,0,0,0,0,0,0
C3010,01,05,0000,District - Pulwama  05,Total,9,16390,8080,8310,12039,6249,5790,12039,6249,5790,0,0,0,0,0,0,0,0,0,0,0,0
C3010,01,05,0000,District - Pulwama  05,Total,10,26918,13577,13341,19725,10492,9233,19725,10492,9233,0,0,0,0,0,0,0,0,0,0,0,0
C3010,01,05,0000,District - Pulwama  05,Total,11,11911,6043,5868,9350,4951,4399,9350,4951,4399,0,0,0,0,0,0,0,0,0,0,0,0
C3010,01,05,0000,District - Pulwama  05,Total,12,23644,11771,11873,17362,9303,8059,17362,9303,8059,0,0,0,0,0,0,0,0,0,0,0,0
C3010,01,05,0000,District - Pulwama  05,Total,13,13600,6795,6805,10159,5485,4674,10159,5485,4674,0,0,0,0,0,0,0,0,0,0,0,0
C3010,01,05,0000,District - Pulwama  05,Total,14,19514,9924,9590,14173,7805,6368,14173,7805,6368,0,0,0,0,0,0,0,0,0,0,0,0
C3010,01,05,0000,District - Pulwama  05,Total,15-19,80224,40542,39682,44463,25636,18827,40924,23417,17507,3397,2129,1268,87,63,24,43,23,20,12,4,8
C3010,01,05,0000,District - Pulwama  05,Total,20-24,55401,28491,26910,12895,8226,4669,7076,4379,2697,5652,3722,1930,124,97,27,23,16,7,20,12,8
C3010,01,05,0000,District - Pulwama  05,Total,25-29,45202,23487,21715,1499,1138,361,0,0,0,1285,969,316,138,116,22,48,36,12,28,17,11
C3010,01,05,0000,District - Pulwama  05,Total,30-34,41975,22115,19860,430,338,92,0,0,0,303,241,62,72,59,13,32,23,9,23,15,8
C3010,01,05,0000,District - Pulwama  05,Total,35-59,153069,80977,72092,595,445,150,0,0,0,287,231,56,157,113,44,92,66,26,59,35,24
C3010,01,05,0000,District - Pulwama  05,Total,60+,41191,22787,18404,143,99,44,0,0,0,89,61,28,29,23,6,13,9,4,12,6,6
C3010,01,05,0000,District - Pulwama  05,Total,Age not stated,2109,1110,999,35,23,12,0,0,0,28,16,12,5,5,0,1,1,0,1,1,0
C3010,01,05,0000,District - Pulwama  05,Rural,All ages,584100,299170,284930,155221,86584,68637,145347,79765,65582,8977,6167,2810,523,412,111,229,158,71,145,82,63
C3010,01,05,0000,District - Pulwama  05,Rural,0-4,47656,23338,24318,997,520,477,997,520,477,0,0,0,0,0,0,0,0,0,0,0,0
C3010,01,05,0000,District - Pulwama  05,Rural,5,13479,6659,6820,1453,778,675,1453,778,675,0,0,0,0,0,0,0,0,0,0,0,0
C3010,01,05,0000,District - Pulwama  05,Rural,6,17346,8519,8827,5455,2828,2627,5455,2828,2627,0,0,0,0,0,0,0,0,0,0,0,0
C3010,01,05,0000,District - Pulwama  05,Rural,7,12894,6366,6528,7438,3882,3556,7438,3882,3556,0,0,0,0,0,0,0,0,0,0,0,0
C3010,01,05,0000,District - Pulwama  05,Rural,8,20658,10228,10430,13865,7227,6638,13865,7227,6638,0,0,0,0,0,0,0,0,0,0,0,0
C3010,01,05,0000,District - Pulwama  05,Rural,9,15010,7399,7611,10848,5651,5197,10848,5651,5197,0,0,0,0,0,0,0,0,0,0,0,0
C3010,01,05,0000,District - Pulwama  05,Rural,10,24625,12439,12186,17755,9509,8246,17755,9509,8246,0,0,0,0,0,0,0,0,0,0,0,0
C3010,01,05,0000,District - Pulwama  05,Rural,11,10867,5523,5344,8428,4485,3943,8428,4485,3943,0,0,0,0,0,0,0,0,0,0,0,0
C3010,01,05,0000,District - Pulwama  05,Rural,12,21618,10744,10874,15628,8397,7231,15628,8397,7231,0,0,0,0,0,0,0,0,0,0,0,0
C3010,01,05,0000,District - Pulwama  05,Rural,13,12392,6178,6214,9105,4929,4176,9105,4929,4176,0,0,0,0,0,0,0,0,0,0,0,0
C3010,01,05,0000,District - Pulwama  05,Rural,14,17616,8981,8635,12552,6972,5580,12552,6972,5580,0,0,0,0,0,0,0,0,0,0,0,0
C3010,01,05,0000,District - Pulwama  05,Rural,15-19,71701,36306,35395,38591,22603,15988,35702,20751,14951,2767,1772,995,74,57,17,38,20,18,10,3,7
C3010,01,05,0000,District - Pulwama  05,Rural,20-24,48716,24992,23724,10881,7081,3800,6121,3836,2285,4620,3141,1479,101,79,22,20,14,6,19,11,8
C3010,01,05,0000,District - Pulwama  05,Rural,25-29,39554,20203,19351,1241,962,279,0,0,0,1055,817,238,116,97,19,43,32,11,27,16,11
C3010,01,05,0000,District - Pulwama  05,Rural,30-34,36563,18890,17673,354,288,66,0,0,0,241,200,41,65,54,11,28,21,7,20,13,7
C3010,01,05,0000,District - Pulwama  05,Rural,35-59,134896,71054,63842,496,373,123,0,0,0,218,181,37,136,99,37,86,61,25,56,32,24
C3010,01,05,0000,District - Pulwama  05,Rural,60+,36705,20402,16303,106,79,27,0,0,0,54,42,12,27,22,5,13,9,4,12,6,6
C3010,01,05,0000,District - Pulwama  05,Rural,Age not stated,1804,949,855,28,20,8,0,0,0,22,14,8,4,4,0,1,1,0,1,1,0
C3010,01,05,0000,District - Pulwama  05,Urban,All ages,68507,36374,32133,20574,10678,9896,18388,9388,9000,2064,1202,862,89,64,25,23,16,7,10,8,2
C3010,01,05,0000,District - Pulwama  05,Urban,0-4,3863,1974,1889,205,102,103,205,102,103,0,0,0,0,0,0,0,0,0,0,0,0
C3010,01,05,0000,District - Pulwama  05,Urban,5,1074,533,541,292,142,150,292,142,150,0,0,0,0,0,0,0,0,0,0,0,0
C3010,01,05,0000,District - Pulwama  05,Urban,6,1566,783,783,825,413,412,825,413,412,0,0,0,0,0,0,0,0,0,0,0,0
C3010,01,05,0000,District - Pulwama  05,Urban,7,1074,529,545,846,418,428,846,418,428,0,0,0,0,0,0,0,0,0,0,0,0
C3010,01,05,0000,District - Pulwama  05,Urban,8,1849,916,933,1551,762,789,1551,762,789,0,0,0,0,0,0,0,0,0,0,0,0
C3010,01,05,0000,District - Pulwama  05,Urban,9,1380,681,699,1191,598,593,1191,598,593,0,0,0,0,0,0,0,0,0,0,0,0
C3010,01,05,0000,District - Pulwama  05,Urban,10,2293,1138,1155,1970,983,987,1970,983,987,0,0,0,0,0,0,0,0,0,0,0,0
C3010,01,05,0000,District - Pulwama  05,Urban,11,1044,520,524,922,466,456,922,466,456,0,0,0,0,0,0,0,0,0,0,0,0
C3010,01,05,0000,District - Pulwama  05,Urban,12,2026,1027,999,1734,906,828,1734,906,828,0,0,0,0,0,0,0,0,0,0,0,0
C3010,01,05,0000,District - Pulwama  05,Urban,13,1208,617,591,1054,556,498,1054,556,498,0,0,0,0,0,0,0,0,0,0,0,0
C3010,01,05,0000,District - Pulwama  05,Urban,14,1898,943,955,1621,833,788,1621,833,788,0,0,0,0,0,0,0,0,0,0,0,0
C3010,01,05,0000,District - Pulwama  05,Urban,15-19,8523,4236,4287,5872,3033,2839,5222,2666,2556,630,357,273,13,6,7,5,3,2,2,1,1
C3010,01,05,0000,District - Pulwama  05,Urban,20-24,6685,3499,3186,2014,1145,869,955,543,412,1032,581,451,23,18,5,3,2,1,1,1,0
C3010,01,05,0000,District - Pulwama  05,Urban,25-29,5648,3284,2364,258,176,82,0,0,0,230,152,78,22,19,3,5,4,1,1,1,0
C3010,01,05,0000,District - Pulwama  05,Urban,30-34,5412,3225,2187,76,50,26,0,0,0,62,41,21,7,5,2,4,2,2,3,2,1
C3010,01,05,0000,District - Pulwama  05,Urban,35-59,18173,9923,8250,99,72,27,0,0,0,69,50,19,21,14,7,6,5,1,3,3,0
C3010,01,05,0000,District - Pulwama  05,Urban,60+,4486,2385,2101,37,20,17,0,0,0,35,19,16,2,1,1,0,0,0,0,0,0
C3010,01,05,0000,District - Pulwama  05,Urban,Age not stated,305,161,144,7,3,4,0,0,0,6,2,4,1,1,0,0,0,0,0,0,0
C3010,01,06,0000,District - Anantnag  06,Total,All ages,1172434,610007,562427,274793,155867,118926,257206,144154,113052,15342,10089,5253,1348,1007,341,682,517,165,215,100,115
C3010,01,06,0000,District - Anantnag  06,Total,0-4,111529,56039,55490,2084,1094,990,2084,1094,990,0,0,0,0,0,0,0,0,0,0,0,0
C3010,01,06,0000,District - Anantnag  06,Total,5,28511,14331,14180,2628,1437,1191,2628,1437,1191,0,0,0,0,0,0,0,0,0,0,0,0
C3010,01,06,0000,District - Anantnag  06,Total,6,37080,18785,18295,10428,5528,4900,10428,5528,4900,0,0,0,0,0,0,0,0,0,0,0,0
C3010,01,06,0000,District - Anantnag  06,Total,7,25772,12975,12797,12959,6978,5981,12959,6978,5981,0,0,0,0,0,0,0,0,0,0,0,0
C3010,01,06,0000,District - Anantnag  06,Total,8,42277,21425,20852,24859,13295,11564,24859,13295,11564,0,0,0,0,0,0,0,0,0,0,0,0
C3010,01,06,0000,District - Anantnag  06,Total,9,30175,15442,14733,20057,10801,9256,20057,10801,9256,0,0,0,0,0,0,0,0,0,0,0,0
C3010,01,06,0000,District - Anantnag  06,Total,10,48586,24970,23616,30880,16896,13984,30880,16896,13984,0,0,0,0,0,0,0,0,0,0,0,0
C3010,01,06,0000,District - Anantnag  06,Total,11,21159,10808,10351,14990,8162,6828,14990,8162,6828,0,0,0,0,0,0,0,0,0,0,0,0
C3010,01,06,0000,District - Anantnag  06,Total,12,41840,21326,20514,26965,14933,12032,26965,14933,12032,0,0,0,0,0,0,0,0,0,0,0,0
C3010,01,06,0000,District - Anantnag  06,Total,13,24020,12033,11987,15986,8766,7220,15986,8766,7220,0,0,0,0,0,0,0,0,0,0,0,0
C3010,01,06,0000,District - Anantnag  06,Total,14,32767,16912,15855,21090,12062,9028,21090,12062,9028,0,0,0,0,0,0,0,0,0,0,0,0
C3010,01,06,0000,District - Anantnag  06,Total,15-19,140279,71788,68491,68359,40451,27908,63361,37389,25972,4713,2893,1820,175,110,65,89,50,39,21,9,12
C3010,01,06,0000,District - Anantnag  06,Total,20-24,95257,49269,45988,19053,12143,6910,10919,6813,4106,7769,5098,2671,255,162,93,75,55,20,35,15,20
C3010,01,06,0000,District - Anantnag  06,Total,25-29,79507,41470,38037,2296,1652,644,0,0,0,1836,1300,536,284,212,72,143,127,16,33,13,20
C3010,01,06,0000,District - Anantnag  06,Total,30-34,72377,38165,34212,730,554,176,0,0,0,479,354,125,137,115,22,89,72,17,25,13,12
C3010,01,06,0000,District - Anantnag  06,Total,35-59,262423,140554,121869,1138,908,230,0,0,0,415,356,59,405,336,69,250,185,65,68,31,37
C3010,01,06,0000,District - Anantnag  06,Total,60+,71479,39749,31730,218,158,60,0,0,0,79,56,23,81,63,18,27,21,6,31,18,13
C3010,01,06,0000,District - Anantnag  06,Total,Age not stated,7396,3966,3430,73,49,24,0,0,0,51,32,19,11,9,2,9,7,2,2,1,1
C3010,01,06,0000,District - Anantnag  06,Rural,All ages,1004071,518620,485451,226743,129872,96871,214059,121045,93014,11162,7751,3411,918,660,258,406,326,80,198,90,108
C3010,01,06,0000,District - Anantnag  06,Rural,0-4,99090,49436,49654,1596,861,735,1596,861,735,0,0,0,0,0,0,0,0,0,0,0,0
C3010,01,06,0000,District - Anantnag  06,Rural,5,25209,12575,12634,2050,1117,933,2050,1117,933,0,0,0,0,0,0,0,0,0,0,0,0
C3010,01,06,0000,District - Anantnag  06,Rural,6,32836,16569,16267,8678,4613,4065,8678,4613,4065,0,0,0,0,0,0,0,0,0,0,0,0
C3010,01,06,0000,District - Anantnag  06,Rural,7,22671,11322,11349,10857,5811,5046,10857,5811,5046,0,0,0,0,0,0,0,0,0,0,0,0
C3010,01,06,0000,District - Anantnag  06,Rural,8,37361,18838,18523,21114,11300,9814,21114,11300,9814,0,0,0,0,0,0,0,0,0,0,0,0
C3010,01,06,0000,District - Anantnag  06,Rural,9,26471,13555,12916,17013,9226,7787,17013,9226,7787,0,0,0,0,0,0,0,0,0,0,0,0
C3010,01,06,0000,District - Anantnag  06,Rural,10,42795,21910,20885,26200,14373,11827,26200,14373,11827,0,0,0,0,0,0,0,0,0,0,0,0
C3010,01,06,0000,District - Anantnag  06,Rural,11,18359,9355,9004,12612,6900,5712,12612,6900,5712,0,0,0,0,0,0,0,0,0,0,0,0
C3010,01,06,0000,District - Anantnag  06,Rural,12,36813,18726,18087,22843,12726,10117,22843,12726,10117,0,0,0,0,0,0,0,0,0,0,0,0
C3010,01,06,0000,District - Anantnag  06,Rural,13,20840,10448,10392,13346,7412,5934,13346,7412,5934,0,0,0,0,0,0,0,0,0,0,0,0
C3010,01,06,0000,District - Anantnag  06,Rural,14,28425,14669,13756,17595,10148,7447,17595,10148,7447,0,0,0,0,0,0,0,0,0,0,0,0
C3010,01,06,0000,District - Anantnag  06,Rural,15-19,119920,61385,58535,55102,33361,21741,51466,31014,20452,3448,2246,1202,105,56,49,63,36,27,20,9,11
C3010,01,06,0000,District - Anantnag  06,Rural,20-24,80440,41268,39172,14610,9611,4999,8689,5544,3145,5667,3915,1752,179,110,69,43,29,14,32,13,19
C3010,01,06,0000,District - Anantnag  06,Rural,25-29,66104,33813,32291,1639,1226,413,0,0,0,1322,995,327,215,157,58,69,61,8,33,13,20
C3010,01,06,0000,District - Anantnag  06,Rural,30-34,59093,30210,28883,508,407,101,0,0,0,347,278,69,89,74,15,51,45,6,21,10,11
C3010,01,06,0000,District - Anantnag  06,Rural,35-59,219821,116723,103098,751,624,127,0,0,0,271,245,26,267,218,49,153,134,19,60,27,33
C3010,01,06,0000,District - Anantnag  06,Rural,60+,61111,34221,26890,162,111,51,0,0,0,59,41,18,54,38,16,19,15,4,30,17,13
C3010,01,06,0000,District - Anantnag  06,Rural,Age not stated,6712,3597,3115,67,45,22,0,0,0,48,31,17,9,7,2,8,6,2,2,1,1
C3010,01,06,0000,District - Anantnag  06,Urban,All ages,168363,91387,76976,48050,25995,22055,43147,23109,20038,4180,2338,1842,430,347,83,276,191,85,17,10,7
C3010,01,06,0000,District - Anantnag  06,Urban,0-4,12439,6603,5836,488,233,255,488,233,255,0,0,0,0,0,0,0,0,0,0,0,0
C3010,01,06,0000,District - Anantnag  06,Urban,5,3302,1756,1546,578,320,258,578,320,258,0,0,0,0,0,0,0,0,0,0,0,0
C3010,01,06,0000,District - Anantnag  06,Urban,6,4244,2216,2028,1750,915,835,1750,915,835,0,0,0,0,0,0,0,0,0,0,0,0
C3010,01,06,0000,District - Anantnag  06,Urban,7,3101,1653,1448,2102,1167,935,2102,1167,935,0,0,0,0,0,0,0,0,0,0,0,0
C3010,01,06,0000,District - Anantnag  06,Urban,8,4916,2587,2329,3745,1995,1750,3745,1995,1750,0,0,0,0,0,0,0,0,0,0,0,0
C3010,01,06,0000,District - Anantnag  06,Urban,9,3704,1887,1817,3044,1575,1469,3044,1575,1469,0,0,0,0,0,0,0,0,0,0,0,0
C3010,01,06,0000,District - Anantnag  06,Urban,10,5791,3060,2731,4680,2523,2157,4680,2523,2157,0,0,0,0,0,0,0,0,0,0,0,0
C3010,01,06,0000,District - Anantnag  06,Urban,11,2800,1453,1347,2378,1262,1116,2378,1262,1116,0,0,0,0,0,0,0,0,0,0,0,0
C3010,01,06,0000,District - Anantnag  06,Urban,12,5027,2600,2427,4122,2207,1915,4122,2207,1915,0,0,0,0,0,0,0,0,0,0,0,0
C3010,01,06,0000,District - Anantnag  06,Urban,13,3180,1585,1595,2640,1354,1286,2640,1354,1286,0,0,0,0,0,0,0,0,0,0,0,0
C3010,01,06,0000,District - Anantnag  06,Urban,14,4342,2243,2099,3495,1914,1581,3495,1914,1581,0,0,0,0,0,0,0,0,0,0,0,0
C3010,01,06,0000,District - Anantnag  06,Urban,15-19,20359,10403,9956,13257,7090,6167,11895,6375,5520,1265,647,618,70,54,16,26,14,12,1,0,1
C3010,01,06,0000,District - Anantnag  06,Urban,20-24,14817,8001,6816,4443,2532,1911,2230,1269,961,2102,1183,919,76,52,24,32,26,6,3,2,1
C3010,01,06,0000,District - Anantnag  06,Urban,25-29,13403,7657,5746,657,426,231,0,0,0,514,305,209,69,55,14,74,66,8,0,0,0
C3010,01,06,0000,District - Anantnag  06,Urban,30-34,13284,7955,5329,222,147,75,0,0,0,132,76,56,48,41,7,38,27,11,4,3,1
C3010,01,06,0000,District - Anantnag  06,Urban,35-59,42602,23831,18771,387,284,103,0,0,0,144,111,33,138,118,20,97,51,46,8,4,4
C3010,01,06,0000,District - Anantnag  06,Urban,60+,10368,5528,4840,56,47,9,0,0,0,20,15,5,27,25,2,8,6,2,1,1,0
C3010,01,06,0000,District - Anantnag  06,Urban,Age not stated,684,369,315,6,4,2,0,0,0,3,1,2,2,2,0,1,1,0,0,0,0
C3010,01,07,0000,District - Leh (Ladakh)  07,Total,All ages,117232,64306,52926,30942,15560,15382,28784,14471,14313,1759,855,904,121,85,36,223,129,94,55,20,35
C3010,01,07,0000,District - Leh (Ladakh)  07,Total,0-4,8598,4421,4177,413,218,195,413,218,195,0,0,0,0,0,0,0,0,0,0,0,0
C3010,01,07,0000,District - Leh (Ladakh)  07,Total,5,1959,986,973,714,364,350,714,364,350,0,0,0,0,0,0,0,0,0,0,0,0
C3010,01,07,0000,District - Leh (Ladakh)  07,Total,6,2175,1106,1069,1270,670,600,1270,670,600,0,0,0,0,0,0,0,0,0,0,0,0
C3010,01,07,0000,District - Leh (Ladakh)  07,Total,7,1930,1011,919,1449,785,664,1449,785,664,0,0,0,0,0,0,0,0,0,0,0,0
C3010,01,07,0000,District - Leh (Ladakh)  07,Total,8,2457,1275,1182,2084,1088,996,2084,1088,996,0,0,0,0,0,0,0,0,0,0,0,0
C3010,01,07,0000,District - Leh (Ladakh)  07,Total,9,2351,1172,1179,2068,1046,1022,2068,1046,1022,0,0,0,0,0,0,0,0,0,0,0,0
C3010,01,07,0000,District - Leh (Ladakh)  07,Total,10,2850,1501,1349,2509,1348,1161,2509,1348,1161,0,0,0,0,0,0,0,0,0,0,0,0
C3010,01,07,0000,District - Leh (Ladakh)  07,Total,11,2121,1107,1014,1921,1003,918,1921,1003,918,0,0,0,0,0,0,0,0,0,0,0,0
C3010,01,07,0000,District - Leh (Ladakh)  07,Total,12,2846,1431,1415,2515,1299,1216,2515,1299,1216,0,0,0,0,0,0,0,0,0,0,0,0
C3010,01,07,0000,District - Leh (Ladakh)  07,Total,13,2490,1250,1240,2133,1103,1030,2133,1103,1030,0,0,0,0,0,0,0,0,0,0,0,0
C3010,01,07,0000,District - Leh (Ladakh)  07,Total,14,2261,1125,1136,1928,974,954,1928,974,954,0,0,0,0,0,0,0,0,0,0,0,0
C3010,01,07,0000,District - Leh (Ladakh)  07,Total,15-19,12352,6087,6265,7887,3688,4199,7538,3518,4020,282,126,156,11,7,4,56,37,19,0,0,0
C3010,01,07,0000,District - Leh (Ladakh)  07,Total,20-24,11599,6116,5483,3298,1543,1755,2242,1055,1187,989,454,535,25,18,7,38,14,24,4,2,2
C3010,01,07,0000,District - Leh (Ladakh)  07,Total,25-29,11804,6675,5129,408,206,202,0,0,0,325,160,165,29,15,14,49,28,21,5,3,2
C3010,01,07,0000,District - Leh (Ladakh)  07,Total,30-34,10234,6434,3800,105,68,37,0,0,0,61,42,19,18,14,4,19,10,9,7,2,5
C3010,01,07,0000,District - Leh (Ladakh)  07,Total,35-59,28999,17074,11925,185,133,52,0,0,0,74,61,13,33,28,5,47,34,13,31,10,21
C3010,01,07,0000,District - Leh (Ladakh)  07,Total,60+,9979,5360,4619,50,22,28,0,0,0,26,10,16,4,3,1,14,6,8,6,3,3
C3010,01,07,0000,District - Leh (Ladakh)  07,Total,Age not stated,227,175,52,5,2,3,0,0,0,2,2,0,1,0,1,0,0,0,2,0,2
C3010,01,07,0000,District - Leh (Ladakh)  07,Rural,All ages,88593,46534,42059,23554,11797,11757,22199,11125,11074,1072,523,549,55,34,21,179,99,80,49,16,33
C3010,01,07,0000,District - Leh (Ladakh)  07,Rural,0-4,6768,3468,3300,259,139,120,259,139,120,0,0,0,0,0,0,0,0,0,0,0,0
C3010,01,07,0000,District - Leh (Ladakh)  07,Rural,5,1558,790,768,472,253,219,472,253,219,0,0,0,0,0,0,0,0,0,0,0,0
C3010,01,07,0000,District - Leh (Ladakh)  07,Rural,6,1732,863,869,924,481,443,924,481,443,0,0,0,0,0,0,0,0,0,0,0,0
C3010,01,07,0000,District - Leh (Ladakh)  07,Rural,7,1545,803,742,1108,604,504,1108,604,504,0,0,0,0,0,0,0,0,0,0,0,0
C3010,01,07,0000,District - Leh (Ladakh)  07,Rural,8,1956,995,961,1621,831,790,1621,831,790,0,0,0,0,0,0,0,0,0,0,0,0
C3010,01,07,0000,District - Leh (Ladakh)  07,Rural,9,1881,935,946,1618,820,798,1618,820,798,0,0,0,0,0,0,0,0,0,0,0,0
C3010,01,07,0000,District - Leh (Ladakh)  07,Rural,10,2263,1190,1073,1963,1059,904,1963,1059,904,0,0,0,0,0,0,0,0,0,0,0,0
C3010,01,07,0000,District - Leh (Ladakh)  07,Rural,11,1699,886,813,1516,793,723,1516,793,723,0,0,0,0,0,0,0,0,0,0,0,0
C3010,01,07,0000,District - Leh (Ladakh)  07,Rural,12,2272,1156,1116,1976,1043,933,1976,1043,933,0,0,0,0,0,0,0,0,0,0,0,0
C3010,01,07,0000,District - Leh (Ladakh)  07,Rural,13,2063,1026,1037,1735,889,846,1735,889,846,0,0,0,0,0,0,0,0,0,0,0,0
C3010,01,07,0000,District - Leh (Ladakh)  07,Rural,14,1791,899,892,1498,766,732,1498,766,732,0,0,0,0,0,0,0,0,0,0,0,0
C3010,01,07,0000,District - Leh (Ladakh)  07,Rural,15-19,9931,4832,5099,6071,2815,3256,5847,2705,3142,169,74,95,5,3,2,50,33,17,0,0,0
C3010,01,07,0000,District - Leh (Ladakh)  07,Rural,20-24,8365,4177,4188,2291,1029,1262,1662,742,920,576,258,318,17,14,3,34,14,20,2,1,1
C3010,01,07,0000,District - Leh (Ladakh)  07,Rural,25-29,8034,4292,3742,268,136,132,0,0,0,220,113,107,9,3,6,35,18,17,4,2,2
C3010,01,07,0000,District - Leh (Ladakh)  07,Rural,30-34,6640,3806,2834,69,42,27,0,0,0,41,29,12,7,4,3,14,7,7,7,2,5
C3010,01,07,0000,District - Leh (Ladakh)  07,Rural,35-59,21492,11831,9661,125,80,45,0,0,0,51,43,8,12,7,5,33,21,12,29,9,20
C3010,01,07,0000,District - Leh (Ladakh)  07,Rural,60+,8487,4510,3977,36,16,20,0,0,0,14,5,9,4,3,1,13,6,7,5,2,3
C3010,01,07,0000,District - Leh (Ladakh)  07,Rural,Age not stated,116,75,41,4,1,3,0,0,0,1,1,0,1,0,1,0,0,0,2,0,2
C3010,01,07,0000,District - Leh (Ladakh)  07,Urban,All ages,28639,17772,10867,7388,3763,3625,6585,3346,3239,687,332,355,66,51,15,44,30,14,6,4,2
C3010,01,07,0000,District - Leh (Ladakh)  07,Urban,0-4,1830,953,877,154,79,75,154,79,75,0,0,0,0,0,0,0,0,0,0,0,0
C3010,01,07,0000,District - Leh (Ladakh)  07,Urban,5,401,196,205,242,111,131,242,111,131,0,0,0,0,0,0,0,0,0,0,0,0
C3010,01,07,0000,District - Leh (Ladakh)  07,Urban,6,443,243,200,346,189,157,346,189,157,0,0,0,0,0,0,0,0,0,0,0,0
C3010,01,07,0000,District - Leh (Ladakh)  07,Urban,7,385,208,177,341,181,160,341,181,160,0,0,0,0,0,0,0,0,0,0,0,0
C3010,01,07,0000,District - Leh (Ladakh)  07,Urban,8,501,280,221,463,257,206,463,257,206,0,0,0,0,0,0,0,0,0,0,0,0
C3010,01,07,0000,District - Leh (Ladakh)  07,Urban,9,470,237,233,450,226,224,450,226,224,0,0,0,0,0,0,0,0,0,0,0,0
C3010,01,07,0000,District - Leh (Ladakh)  07,Urban,10,587,311,276,546,289,257,546,289,257,0,0,0,0,0,0,0,0,0,0,0,0
C3010,01,07,0000,District - Leh (Ladakh)  07,Urban,11,422,221,201,405,210,195,405,210,195,0,0,0,0,0,0,0,0,0,0,0,0
C3010,01,07,0000,District - Leh (Ladakh)  07,Urban,12,574,275,299,539,256,283,539,256,283,0,0,0,0,0,0,0,0,0,0,0,0
C3010,01,07,0000,District - Leh (Ladakh)  07,Urban,13,427,224,203,398,214,184,398,214,184,0,0,0,0,0,0,0,0,0,0,0,0
C3010,01,07,0000,District - Leh (Ladakh)  07,Urban,14,470,226,244,430,208,222,430,208,222,0,0,0,0,0,0,0,0,0,0,0,0
C3010,01,07,0000,District - Leh (Ladakh)  07,Urban,15-19,2421,1255,1166,1816,873,943,1691,813,878,113,52,61,6,4,2,6,4,2,0,0,0
C3010,01,07,0000,District - Leh (Ladakh)  07,Urban,20-24,3234,1939,1295,1007,514,493,580,313,267,413,196,217,8,4,4,4,0,4,2,1,1
C3010,01,07,0000,District - Leh (Ladakh)  07,Urban,25-29,3770,2383,1387,140,70,70,0,0,0,105,47,58,20,12,8,14,10,4,1,1,0
C3010,01,07,0000,District - Leh (Ladakh)  07,Urban,30-34,3594,2628,966,36,26,10,0,0,0,20,13,7,11,10,1,5,3,2,0,0,0
C3010,01,07,0000,District - Leh (Ladakh)  07,Urban,35-59,7507,5243,2264,60,53,7,0,0,0,23,18,5,21,21,0,14,13,1,2,1,1
C3010,01,07,0000,District - Leh (Ladakh)  07,Urban,60+,1492,850,642,14,6,8,0,0,0,12,5,7,0,0,0,1,0,1,1,1,0
C3010,01,07,0000,District - Leh (Ladakh)  07,Urban,Age not stated,111,100,11,1,1,0,0,0,0,1,1,0,0,0,0,0,0,0,0,0,0
C3010,01,08,0000,District - Kargil  08,Total,All ages,119307,64955,54352,34532,19207,15325,32776,18010,14766,1573,1045,528,88,64,24,60,56,4,35,32,3
C3010,01,08,0000,District - Kargil  08,Total,0-4,12990,6538,6452,176,93,83,176,93,83,0,0,0,0,0,0,0,0,0,0,0,0
C3010,01,08,0000,District - Kargil  08,Total,5,3049,1587,1462,367,223,144,367,223,144,0,0,0,0,0,0,0,0,0,0,0,0
C3010,01,08,0000,District - Kargil  08,Total,6,3342,1665,1677,1438,798,640,1438,798,640,0,0,0,0,0,0,0,0,0,0,0,0
C3010,01,08,0000,District - Kargil  08,Total,7,2808,1483,1325,2028,1122,906,2028,1122,906,0,0,0,0,0,0,0,0,0,0,0,0
C3010,01,08,0000,District - Kargil  08,Total,8,3655,1899,1756,2934,1580,1354,2934,1580,1354,0,0,0,0,0,0,0,0,0,0,0,0
C3010,01,08,0000,District - Kargil  08,Total,9,2971,1473,1498,2543,1313,1230,2543,1313,1230,0,0,0,0,0,0,0,0,0,0,0,0
C3010,01,08,0000,District - Kargil  08,Total,10,3818,1941,1877,3243,1725,1518,3243,1725,1518,0,0,0,0,0,0,0,0,0,0,0,0
C3010,01,08,0000,District - Kargil  08,Total,11,2229,1139,1090,1957,1034,923,1957,1034,923,0,0,0,0,0,0,0,0,0,0,0,0
C3010,01,08,0000,District - Kargil  08,Total,12,3916,1945,1971,3368,1775,1593,3368,1775,1593,0,0,0,0,0,0,0,0,0,0,0,0
C3010,01,08,0000,District - Kargil  08,Total,13,2702,1352,1350,2285,1248,1037,2285,1248,1037,0,0,0,0,0,0,0,0,0,0,0,0
C3010,01,08,0000,District - Kargil  08,Total,14,2866,1438,1428,2356,1280,1076,2356,1280,1076,0,0,0,0,0,0,0,0,0,0,0,0
C3010,01,08,0000,District - Kargil  08,Total,15-19,13535,6942,6593,8439,4822,3617,8050,4579,3471,349,210,139,19,13,6,20,19,1,1,1,0
C3010,01,08,0000,District - Kargil  08,Total,20-24,11632,6528,5104,2997,1886,1111,2031,1240,791,918,610,308,24,15,9,14,12,2,10,9,1
C3010,01,08,0000,District - Kargil  08,Total,25-29,9195,5363,3832,278,209,69,0,0,0,243,176,67,18,16,2,8,8,0,9,9,0
C3010,01,08,0000,District - Kargil  08,Total,30-34,7587,4422,3165,53,41,12,0,0,0,37,27,10,10,8,2,5,5,0,1,1,0
C3010,01,08,0000,District - Kargil  08,Total,35-59,25364,14806,10558,57,50,7,0,0,0,19,18,1,15,11,4,12,11,1,11,10,1
C3010,01,08,0000,District - Kargil  08,Total,60+,7509,4352,3157,13,8,5,0,0,0,7,4,3,2,1,1,1,1,0,3,2,1
C3010,01,08,0000,District - Kargil  08,Total,Age not stated,139,82,57,0,0,0,0,0,0,0,0,0,0,0,0,0,0,0,0,0,0
C3010,01,08,0000,District - Kargil  08,Rural,All ages,108650,58120,50530,30881,17098,13783,29492,16136,13356,1244,843,401,74,54,20,57,53,4,14,12,2
C3010,01,08,0000,District - Kargil  08,Rural,0-4,12328,6208,6120,150,84,66,150,84,66,0,0,0,0,0,0,0,0,0,0,0,0
C3010,01,08,0000,District - Kargil  08,Rural,5,2880,1488,1392,302,180,122,302,180,122,0,0,0,0,0,0,0,0,0,0,0,0
C3010,01,08,0000,District - Kargil  08,Rural,6,3128,1548,1580,1288,714,574,1288,714,574,0,0,0,0,0,0,0,0,0,0,0,0
C3010,01,08,0000,District - Kargil  08,Rural,7,2652,1390,1262,1882,1034,848,1882,1034,848,0,0,0,0,0,0,0,0,0,0,0,0
C3010,01,08,0000,District - Kargil  08,Rural,8,3415,1770,1645,2703,1457,1246,2703,1457,1246,0,0,0,0,0,0,0,0,0,0,0,0
C3010,01,08,0000,District - Kargil  08,Rural,9,2776,1373,1403,2359,1217,1142,2359,1217,1142,0,0,0,0,0,0,0,0,0,0,0,0
C3010,01,08,0000,District - Kargil  08,Rural,10,3599,1817,1782,3030,1603,1427,3030,1603,1427,0,0,0,0,0,0,0,0,0,0,0,0
C3010,01,08,0000,District - Kargil  08,Rural,11,2079,1056,1023,1813,953,860,1813,953,860,0,0,0,0,0,0,0,0,0,0,0,0
C3010,01,08,0000,District - Kargil  08,Rural,12,3641,1793,1848,3107,1629,1478,3107,1629,1478,0,0,0,0,0,0,0,0,0,0,0,0
C3010,01,08,0000,District - Kargil  08,Rural,13,2528,1255,1273,2116,1153,963,2116,1153,963,0,0,0,0,0,0,0,0,0,0,0,0
C3010,01,08,0000,District - Kargil  08,Rural,14,2618,1303,1315,2117,1149,968,2117,1149,968,0,0,0,0,0,0,0,0,0,0,0,0
C3010,01,08,0000,District - Kargil  08,Rural,15-19,12133,6121,6012,7293,4153,3140,6969,3947,3022,288,176,112,15,10,5,20,19,1,1,1,0
C3010,01,08,0000,District - Kargil  08,Rural,20-24,10101,5484,4617,2410,1528,882,1656,1016,640,716,483,233,20,14,6,12,10,2,6,5,1
C3010,01,08,0000,District - Kargil  08,Rural,25-29,7933,4427,3506,215,167,48,0,0,0,190,144,46,16,14,2,7,7,0,2,2,0
C3010,01,08,0000,District - Kargil  08,Rural,30-34,6728,3817,2911,45,35,10,0,0,0,32,24,8,8,6,2,5,5,0,0,0,0
C3010,01,08,0000,District - Kargil  08,Rural,35-59,22892,13097,9795,41,35,6,0,0,0,14,13,1,13,9,4,12,11,1,2,2,0
C3010,01,08,0000,District - Kargil  08,Rural,60+,7090,4101,2989,10,7,3,0,0,0,4,3,1,2,1,1,1,1,0,3,2,1
C3010,01,08,0000,District - Kargil  08,Rural,Age not stated,129,72,57,0,0,0,0,0,0,0,0,0,0,0,0,0,0,0,0,0,0
C3010,01,08,0000,District - Kargil  08,Urban,All ages,10657,6835,3822,3651,2109,1542,3284,1874,1410,329,202,127,14,10,4,3,3,0,21,20,1
C3010,01,08,0000,District - Kargil  08,Urban,0-4,662,330,332,26,9,17,26,9,17,0,0,0,0,0,0,0,0,0,0,0,0
C3010,01,08,0000,District - Kargil  08,Urban,5,169,99,70,65,43,22,65,43,22,0,0,0,0,0,0,0,0,0,0,0,0
C3010,01,08,0000,District - Kargil  08,Urban,6,214,117,97,150,84,66,150,84,66,0,0,0,0,0,0,0,0,0,0,0,0
C3010,01,08,0000,District - Kargil  08,Urban,7,156,93,63,146,88,58,146,88,58,0,0,0,0,0,0,0,0,0,0,0,0
C3010,01,08,0000,District - Kargil  08,Urban,8,240,129,111,231,123,108,231,123,108,0,0,0,0,0,0,0,0,0,0,0,0
C3010,01,08,0000,District - Kargil  08,Urban,9,195,100,95,184,96,88,184,96,88,0,0,0,0,0,0,0,0,0,0,0,0
C3010,01,08,0000,District - Kargil  08,Urban,10,219,124,95,213,122,91,213,122,91,0,0,0,0,0,0,0,0,0,0,0,0
C3010,01,08,0000,District - Kargil  08,Urban,11,150,83,67,144,81,63,144,81,63,0,0,0,0,0,0,0,0,0,0,0,0
C3010,01,08,0000,District - Kargil  08,Urban,12,275,152,123,261,146,115,261,146,115,0,0,0,0,0,0,0,0,0,0,0,0
C3010,01,08,0000,District - Kargil  08,Urban,13,174,97,77,169,95,74,169,95,74,0,0,0,0,0,0,0,0,0,0,0,0
C3010,01,08,0000,District - Kargil  08,Urban,14,248,135,113,239,131,108,239,131,108,0,0,0,0,0,0,0,0,0,0,0,0
C3010,01,08,0000,District - Kargil  08,Urban,15-19,1402,821,581,1146,669,477,1081,632,449,61,34,27,4,3,1,0,0,0,0,0,0
C3010,01,08,0000,District - Kargil  08,Urban,20-24,1531,1044,487,587,358,229,375,224,151,202,127,75,4,1,3,2,2,0,4,4,0
C3010,01,08,0000,District - Kargil  08,Urban,25-29,1262,936,326,63,42,21,0,0,0,53,32,21,2,2,0,1,1,0,7,7,0
C3010,01,08,0000,District - Kargil  08,Urban,30-34,859,605,254,8,6,2,0,0,0,5,3,2,2,2,0,0,0,0,1,1,0
C3010,01,08,0000,District - Kargil  08,Urban,35-59,2472,1709,763,16,15,1,0,0,0,5,5,0,2,2,0,0,0,0,9,8,1
C3010,01,08,0000,District - Kargil  08,Urban,60+,419,251,168,3,1,2,0,0,0,3,1,2,0,0,0,0,0,0,0,0,0
C3010,01,08,0000,District - Kargil  08,Urban,Age not stated,10,10,0,0,0,0,0,0,0,0,0,0,0,0,0,0,0,0,0,0,0
C3010,01,09,0000,District - Doda  09,Total,All ages,691929,363526,328403,138794,86034,52760,134002,82743,51259,4040,2756,1284,433,291,142,264,210,54,55,34,21
C3010,01,09,0000,District - Doda  09,Total,0-4,78676,40121,38555,1178,641,537,1178,641,537,0,0,0,0,0,0,0,0,0,0,0,0
C3010,01,09,0000,District - Doda  09,Total,5,19047,9666,9381,2407,1340,1067,2407,1340,1067,0,0,0,0,0,0,0,0,0,0,0,0
C3010,01,09,0000,District - Doda  09,Total,6,21308,10804,10504,6157,3602,2555,6157,3602,2555,0,0,0,0,0,0,0,0,0,0,0,0
C3010,01,09,0000,District - Doda  09,Total,7,16948,8615,8333,8729,5067,3662,8729,5067,3662,0,0,0,0,0,0,0,0,0,0,0,0
C3010,01,09,0000,District - Doda  09,Total,8,23802,12265,11537,13587,8153,5434,13587,8153,5434,0,0,0,0,0,0,0,0,0,0,0,0
C3010,01,09,0000,District - Doda  09,Total,9,16736,8462,8274,10870,6330,4540,10870,6330,4540,0,0,0,0,0,0,0,0,0,0,0,0
C3010,01,09,0000,District - Doda  09,Total,10,25337,13063,12274,15532,9556,5976,15532,9556,5976,0,0,0,0,0,0,0,0,0,0,0,0
C3010,01,09,0000,District - Doda  09,Total,11,12741,6612,6129,8894,5413,3481,8894,5413,3481,0,0,0,0,0,0,0,0,0,0,0,0
C3010,01,09,0000,District - Doda  09,Total,12,23897,12360,11537,14542,9267,5275,14542,9267,5275,0,0,0,0,0,0,0,0,0,0,0,0
C3010,01,09,0000,District - Doda  09,Total,13,14900,7454,7446,9452,5767,3685,9452,5767,3685,0,0,0,0,0,0,0,0,0,0,0,0
C3010,01,09,0000,District - Doda  09,Total,14,18763,9677,9086,11107,7058,4049,11107,7058,4049,0,0,0,0,0,0,0,0,0,0,0,0
C3010,01,09,0000,District - Doda  09,Total,15-19,73126,37858,35268,29665,19162,10503,28133,18149,9984,1254,801,453,117,73,44,154,133,21,7,6,1
C3010,01,09,0000,District - Doda  09,Total,20-24,57365,30730,26635,5976,4160,1816,3414,2400,1014,2354,1619,735,143,96,47,58,41,17,7,4,3
C3010,01,09,0000,District - Doda  09,Total,25-29,52721,28192,24529,432,322,110,0,0,0,319,238,81,74,59,15,28,18,10,11,7,4
C3010,01,09,0000,District - Doda  09,Total,30-34,45724,24717,21007,92,73,19,0,0,0,48,42,6,27,19,8,8,6,2,9,6,3
C3010,01,09,0000,District - Doda  09,Total,35-59,142945,77049,65896,139,98,41,0,0,0,55,48,7,60,36,24,6,5,1,18,9,9
C3010,01,09,0000,District - Doda  09,Total,60+,45520,24633,20887,23,13,10,0,0,0,8,6,2,8,4,4,4,1,3,3,2,1
C3010,01,09,0000,District - Doda  09,Total,Age not stated,2373,1248,1125,12,12,0,0,0,0,2,2,0,4,4,0,6,6,0,0,0,0
C3010,01,09,0000,District - Doda  09,Rural,All ages,644234,335906,308328,124936,78395,46541,121485,75855,45630,2870,2133,737,330,215,115,207,167,40,44,25,19
C3010,01,09,0000,District - Doda  09,Rural,0-4,75003,38158,36845,973,533,440,973,533,440,0,0,0,0,0,0,0,0,0,0,0,0
C3010,01,09,0000,District - Doda  09,Rural,5,18121,9163,8958,2089,1172,917,2089,1172,917,0,0,0,0,0,0,0,0,0,0,0,0
C3010,01,09,0000,District - Doda  09,Rural,6,20408,10304,10104,5665,3319,2346,5665,3319,2346,0,0,0,0,0,0,0,0,0,0,0,0
C3010,01,09,0000,District - Doda  09,Rural,7,16039,8140,7899,7939,4652,3287,7939,4652,3287,0,0,0,0,0,0,0,0,0,0,0,0
C3010,01,09,0000,District - Doda  09,Rural,8,22542,11579,10963,12430,7523,4907,12430,7523,4907,0,0,0,0,0,0,0,0,0,0,0,0
C3010,01,09,0000,District - Doda  09,Rural,9,15797,7959,7838,9992,5850,4142,9992,5850,4142,0,0,0,0,0,0,0,0,0,0,0,0
C3010,01,09,0000,District - Doda  09,Rural,10,24027,12302,11725,14327,8845,5482,14327,8845,5482,0,0,0,0,0,0,0,0,0,0,0,0
C3010,01,09,0000,District - Doda  09,Rural,11,11850,6117,5733,8059,4941,3118,8059,4941,3118,0,0,0,0,0,0,0,0,0,0,0,0
C3010,01,09,0000,District - Doda  09,Rural,12,22616,11617,10999,13393,8607,4786,13393,8607,4786,0,0,0,0,0,0,0,0,0,0,0,0
C3010,01,09,0000,District - Doda  09,Rural,13,13912,6935,6977,8552,5290,3262,8552,5290,3262,0,0,0,0,0,0,0,0,0,0,0,0
C3010,01,09,0000,District - Doda  09,Rural,14,17606,9009,8597,10077,6468,3609,10077,6468,3609,0,0,0,0,0,0,0,0,0,0,0,0
C3010,01,09,0000,District - Doda  09,Rural,15-19,68203,35189,33014,26062,17230,8832,25001,16482,8519,849,591,258,93,56,37,115,98,17,4,3,1
C3010,01,09,0000,District - Doda  09,Rural,20-24,53023,28259,24764,4830,3543,1287,2988,2173,815,1696,1271,425,94,62,32,48,35,13,4,2,2
C3010,01,09,0000,District - Doda  09,Rural,25-29,48328,25595,22733,321,256,65,0,0,0,236,190,46,55,44,11,21,17,4,9,5,4
C3010,01,09,0000,District - Doda  09,Rural,30-34,41366,21987,19379,76,61,15,0,0,0,38,35,3,23,16,7,7,5,2,8,5,3
C3010,01,09,0000,District - Doda  09,Rural,35-59,130285,69157,61128,118,82,36,0,0,0,41,38,3,54,30,24,6,5,1,17,9,8
C3010,01,09,0000,District - Doda  09,Rural,60+,42801,23228,19573,22,12,10,0,0,0,8,6,2,8,4,4,4,1,3,2,1,1
C3010,01,09,0000,District - Doda  09,Rural,Age not stated,2307,1208,1099,11,11,0,0,0,0,2,2,0,3,3,0,6,6,0,0,0,0
C3010,01,09,0000,District - Doda  09,Urban,All ages,47695,27620,20075,13858,7639,6219,12517,6888,5629,1170,623,547,103,76,27,57,43,14,11,9,2
C3010,01,09,0000,District - Doda  09,Urban,0-4,3673,1963,1710,205,108,97,205,108,97,0,0,0,0,0,0,0,0,0,0,0,0
C3010,01,09,0000,District - Doda  09,Urban,5,926,503,423,318,168,150,318,168,150,0,0,0,0,0,0,0,0,0,0,0,0
C3010,01,09,0000,District - Doda  09,Urban,6,900,500,400,492,283,209,492,283,209,0,0,0,0,0,0,0,0,0,0,0,0
C3010,01,09,0000,District - Doda  09,Urban,7,909,475,434,790,415,375,790,415,375,0,0,0,0,0,0,0,0,0,0,0,0
C3010,01,09,0000,District - Doda  09,Urban,8,1260,686,574,1157,630,527,1157,630,527,0,0,0,0,0,0,0,0,0,0,0,0
C3010,01,09,0000,District - Doda  09,Urban,9,939,503,436,878,480,398,878,480,398,0,0,0,0,0,0,0,0,0,0,0,0
C3010,01,09,0000,District - Doda  09,Urban,10,1310,761,549,1205,711,494,1205,711,494,0,0,0,0,0,0,0,0,0,0,0,0
C3010,01,09,0000,District - Doda  09,Urban,11,891,495,396,835,472,363,835,472,363,0,0,0,0,0,0,0,0,0,0,0,0
C3010,01,09,0000,District - Doda  09,Urban,12,1281,743,538,1149,660,489,1149,660,489,0,0,0,0,0,0,0,0,0,0,0,0
C3010,01,09,0000,District - Doda  09,Urban,13,988,519,469,900,477,423,900,477,423,0,0,0,0,0,0,0,0,0,0,0,0
C3010,01,09,0000,District - Doda  09,Urban,14,1157,668,489,1030,590,440,1030,590,440,0,0,0,0,0,0,0,0,0,0,0,0
C3010,01,09,0000,District - Doda  09,Urban,15-19,4923,2669,2254,3603,1932,1671,3132,1667,1465,405,210,195,24,17,7,39,35,4,3,3,0
C3010,01,09,0000,District - Doda  09,Urban,20-24,4342,2471,1871,1146,617,529,426,227,199,658,348,310,49,34,15,10,6,4,3,2,1
C3010,01,09,0000,District - Doda  09,Urban,25-29,4393,2597,1796,111,66,45,0,0,0,83,48,35,19,15,4,7,1,6,2,2,0
C3010,01,09,0000,District - Doda  09,Urban,30-34,4358,2730,1628,16,12,4,0,0,0,10,7,3,4,3,1,1,1,0,1,1,0
C3010,01,09,0000,District - Doda  09,Urban,35-59,12660,7892,4768,21,16,5,0,0,0,14,10,4,6,6,0,0,0,0,1,0,1
C3010,01,09,0000,District - Doda  09,Urban,60+,2719,1405,1314,1,1,0,0,0,0,0,0,0,0,0,0,0,0,0,1,1,0
C3010,01,09,0000,District - Doda  09,Urban,Age not stated,66,40,26,1,1,0,0,0,0,0,0,0,1,1,0,0,0,0,0,0,0
C3010,01,10,0000,District - Udhampur  10,Total,All ages,743509,399686,343823,146887,85982,60905,141390,82882,58508,4666,2605,2061,467,286,181,293,180,113,71,29,42
C3010,01,10,0000,District - Udhampur  10,Total,0-4,82529,42839,39690,2110,1170,940,2110,1170,940,0,0,0,0,0,0,0,0,0,0,0,0
C3010,01,10,0000,District - Udhampur  10,Total,5,18964,9866,9098,3352,1882,1470,3352,1882,1470,0,0,0,0,0,0,0,0,0,0,0,0
C3010,01,10,0000,District - Udhampur  10,Total,6,19953,10197,9756,6555,3670,2885,6555,3670,2885,0,0,0,0,0,0,0,0,0,0,0,0
C3010,01,10,0000,District - Udhampur  10,Total,7,17558,9005,8553,9761,5478,4283,9761,5478,4283,0,0,0,0,0,0,0,0,0,0,0,0
C3010,01,10,0000,District - Udhampur  10,Total,8,21534,11174,10360,13015,7464,5551,13015,7464,5551,0,0,0,0,0,0,0,0,0,0,0,0
C3010,01,10,0000,District - Udhampur  10,Total,9,16926,8819,8107,11627,6654,4973,11627,6654,4973,0,0,0,0,0,0,0,0,0,0,0,0
C3010,01,10,0000,District - Udhampur  10,Total,10,22804,11835,10969,14988,8643,6345,14988,8643,6345,0,0,0,0,0,0,0,0,0,0,0,0
C3010,01,10,0000,District - Udhampur  10,Total,11,14408,7543,6865,10556,6071,4485,10556,6071,4485,0,0,0,0,0,0,0,0,0,0,0,0
C3010,01,10,0000,District - Udhampur  10,Total,12,23013,11968,11045,14934,8687,6247,14934,8687,6247,0,0,0,0,0,0,0,0,0,0,0,0
C3010,01,10,0000,District - Udhampur  10,Total,13,16694,8515,8179,11038,6395,4643,11038,6395,4643,0,0,0,0,0,0,0,0,0,0,0,0
C3010,01,10,0000,District - Udhampur  10,Total,14,18290,9428,8862,11156,6714,4442,11156,6714,4442,0,0,0,0,0,0,0,0,0,0,0,0
C3010,01,10,0000,District - Udhampur  10,Total,15-19,77527,40629,36898,30868,18830,12038,29135,17920,11215,1450,739,711,185,115,70,90,56,34,8,0,8
C3010,01,10,0000,District - Udhampur  10,Total,20-24,66043,36605,29438,6219,3881,2338,3163,2134,1029,2817,1609,1208,134,84,50,90,46,44,15,8,7
C3010,01,10,0000,District - Udhampur  10,Total,25-29,63000,34872,28128,384,228,156,0,0,0,242,143,99,59,37,22,74,43,31,9,5,4
C3010,01,10,0000,District - Udhampur  10,Total,30-34,53576,30241,23335,106,72,34,0,0,0,64,44,20,20,14,6,13,11,2,9,3,6
C3010,01,10,0000,District - Udhampur  10,Total,35-59,158384,88112,70272,160,106,54,0,0,0,72,56,16,43,20,23,20,18,2,25,12,13
C3010,01,10,0000,District - Udhampur  10,Total,60+,49566,26535,23031,44,28,16,0,0,0,13,8,5,22,15,7,4,4,0,5,1,4
C3010,01,10,0000,District - Udhampur  10,Total,Age not stated,2740,1503,1237,14,9,5,0,0,0,8,6,2,4,1,3,2,2,0,0,0,0
C3010,01,10,0000,District - Udhampur  10,Rural,All ages,626882,330430,296452,118354,70712,47642,115663,69026,46637,2213,1427,786,241,118,123,178,119,59,59,22,37
C3010,01,10,0000,District - Udhampur  10,Rural,0-4,73606,38008,35598,1371,758,613,1371,758,613,0,0,0,0,0,0,0,0,0,0,0,0
C3010,01,10,0000,District - Udhampur  10,Rural,5,16728,8609,8119,2535,1397,1138,2535,1397,1138,0,0,0,0,0,0,0,0,0,0,0,0
C3010,01,10,0000,District - Udhampur  10,Rural,6,17904,9097,8807,5454,3097,2357,5454,3097,2357,0,0,0,0,0,0,0,0,0,0,0,0
C3010,01,10,0000,District - Udhampur  10,Rural,7,15397,7844,7553,7917,4459,3458,7917,4459,3458,0,0,0,0,0,0,0,0,0,0,0,0
C3010,01,10,0000,District - Udhampur  10,Rural,8,19117,9887,9230,10863,6290,4573,10863,6290,4573,0,0,0,0,0,0,0,0,0,0,0,0
C3010,01,10,0000,District - Udhampur  10,Rural,9,14812,7683,7129,9693,5600,4093,9693,5600,4093,0,0,0,0,0,0,0,0,0,0,0,0
C3010,01,10,0000,District - Udhampur  10,Rural,10,20222,10451,9771,12678,7396,5282,12678,7396,5282,0,0,0,0,0,0,0,0,0,0,0,0
C3010,01,10,0000,District - Udhampur  10,Rural,11,12461,6482,5979,8760,5085,3675,8760,5085,3675,0,0,0,0,0,0,0,0,0,0,0,0
C3010,01,10,0000,District - Udhampur  10,Rural,12,20454,10600,9854,12638,7452,5186,12638,7452,5186,0,0,0,0,0,0,0,0,0,0,0,0
C3010,01,10,0000,District - Udhampur  10,Rural,13,14604,7422,7182,9148,5398,3750,9148,5398,3750,0,0,0,0,0,0,0,0,0,0,0,0
C3010,01,10,0000,District - Udhampur  10,Rural,14,16117,8291,7826,9229,5686,3543,9229,5686,3543,0,0,0,0,0,0,0,0,0,0,0,0
C3010,01,10,0000,District - Udhampur  10,Rural,15-19,67555,35282,32273,23775,15144,8631,22937,14676,8261,701,411,290,69,19,50,61,38,23,7,0,7
C3010,01,10,0000,District - Udhampur  10,Rural,20-24,54655,29679,24976,3909,2689,1220,2440,1732,708,1324,880,444,79,42,37,55,31,24,11,4,7
C3010,01,10,0000,District - Udhampur  10,Rural,25-29,50087,26905,23182,187,124,63,0,0,0,123,82,41,25,17,8,31,20,11,8,5,3
C3010,01,10,0000,District - Udhampur  10,Rural,30-34,40944,22024,18920,58,44,14,0,0,0,28,23,5,15,11,4,7,7,0,8,3,5
C3010,01,10,0000,District - Udhampur  10,Rural,35-59,126859,67807,59052,102,68,34,0,0,0,28,25,3,35,16,19,19,18,1,20,9,11
C3010,01,10,0000,District - Udhampur  10,Rural,60+,43364,23285,20079,33,22,11,0,0,0,7,4,3,17,13,4,4,4,0,5,1,4
C3010,01,10,0000,District - Udhampur  10,Rural,Age not stated,1996,1074,922,4,3,1,0,0,0,2,2,0,1,0,1,1,1,0,0,0,0
C3010,01,10,0000,District - Udhampur  10,Urban,All ages,116627,69256,47371,28533,15270,13263,25727,13856,11871,2453,1178,1275,226,168,58,115,61,54,12,7,5
C3010,01,10,0000,District - Udhampur  10,Urban,0-4,8923,4831,4092,739,412,327,739,412,327,0,0,0,0,0,0,0,0,0,0,0,0
C3010,01,10,0000,District - Udhampur  10,Urban,5,2236,1257,979,817,485,332,817,485,332,0,0,0,0,0,0,0,0,0,0,0,0
C3010,01,10,0000,District - Udhampur  10,Urban,6,2049,1100,949,1101,573,528,1101,573,528,0,0,0,0,0,0,0,0,0,0,0,0
C3010,01,10,0000,District - Udhampur  10,Urban,7,2161,1161,1000,1844,1019,825,1844,1019,825,0,0,0,0,0,0,0,0,0,0,0,0
C3010,01,10,0000,District - Udhampur  10,Urban,8,2417,1287,1130,2152,1174,978,2152,1174,978,0,0,0,0,0,0,0,0,0,0,0,0
C3010,01,10,0000,District - Udhampur  10,Urban,9,2114,1136,978,1934,1054,880,1934,1054,880,0,0,0,0,0,0,0,0,0,0,0,0
C3010,01,10,0000,District - Udhampur  10,Urban,10,2582,1384,1198,2310,1247,1063,2310,1247,1063,0,0,0,0,0,0,0,0,0,0,0,0
C3010,01,10,0000,District - Udhampur  10,Urban,11,1947,1061,886,1796,986,810,1796,986,810,0,0,0,0,0,0,0,0,0,0,0,0
C3010,01,10,0000,District - Udhampur  10,Urban,12,2559,1368,1191,2296,1235,1061,2296,1235,1061,0,0,0,0,0,0,0,0,0,0,0,0
C3010,01,10,0000,District - Udhampur  10,Urban,13,2090,1093,997,1890,997,893,1890,997,893,0,0,0,0,0,0,0,0,0,0,0,0
C3010,01,10,0000,District - Udhampur  10,Urban,14,2173,1137,1036,1927,1028,899,1927,1028,899,0,0,0,0,0,0,0,0,0,0,0,0
C3010,01,10,0000,District - Udhampur  10,Urban,15-19,9972,5347,4625,7093,3686,3407,6198,3244,2954,749,328,421,116,96,20,29,18,11,1,0,1
C3010,01,10,0000,District - Udhampur  10,Urban,20-24,11388,6926,4462,2310,1192,1118,723,402,321,1493,729,764,55,42,13,35,15,20,4,4,0
C3010,01,10,0000,District - Udhampur  10,Urban,25-29,12913,7967,4946,197,104,93,0,0,0,119,61,58,34,20,14,43,23,20,1,0,1
C3010,01,10,0000,District - Udhampur  10,Urban,30-34,12632,8217,4415,48,28,20,0,0,0,36,21,15,5,3,2,6,4,2,1,0,1
C3010,01,10,0000,District - Udhampur  10,Urban,35-59,31525,20305,11220,58,38,20,0,0,0,44,31,13,8,4,4,1,0,1,5,3,2
C3010,01,10,0000,District - Udhampur  10,Urban,60+,6202,3250,2952,11,6,5,0,0,0,6,4,2,5,2,3,0,0,0,0,0,0
C3010,01,10,0000,District - Udhampur  10,Urban,Age not stated,744,429,315,10,6,4,0,0,0,6,4,2,3,1,2,1,1,0,0,0,0
C3010,01,11,0000,District - Punch  11,Total,All ages,372613,194213,178400,82764,49771,32993,79185,47473,31712,2524,1596,928,350,247,103,601,409,192,104,46,58
C3010,01,11,0000,District - Punch  11,Total,0-4,44958,22873,22085,1076,571,505,1076,571,505,0,0,0,0,0,0,0,0,0,0,0,0
C3010,01,11,0000,District - Punch  11,Total,5,9897,5125,4772,1893,1040,853,1893,1040,853,0,0,0,0,0,0,0,0,0,0,0,0
C3010,01,11,0000,District - Punch  11,Total,6,12204,6237,5967,4431,2479,1952,4431,2479,1952,0,0,0,0,0,0,0,0,0,0,0,0
C3010,01,11,0000,District - Punch  11,Total,7,8342,4339,4003,4795,2657,2138,4795,2657,2138,0,0,0,0,0,0,0,0,0,0,0,0
C3010,01,11,0000,District - Punch  11,Total,8,13865,7103,6762,8390,4850,3540,8390,4850,3540,0,0,0,0,0,0,0,0,0,0,0,0
C3010,01,11,0000,District - Punch  11,Total,9,7737,3990,3747,5629,3181,2448,5629,3181,2448,0,0,0,0,0,0,0,0,0,0,0,0
C3010,01,11,0000,District - Punch  11,Total,10,15009,7744,7265,9859,5739,4120,9859,5739,4120,0,0,0,0,0,0,0,0,0,0,0,0
C3010,01,11,0000,District - Punch  11,Total,11,5542,3006,2536,4345,2613,1732,4345,2613,1732,0,0,0,0,0,0,0,0,0,0,0,0
C3010,01,11,0000,District - Punch  11,Total,12,13048,6878,6170,8681,5291,3390,8681,5291,3390,0,0,0,0,0,0,0,0,0,0,0,0
C3010,01,11,0000,District - Punch  11,Total,13,7046,3760,3286,5002,3088,1914,5002,3088,1914,0,0,0,0,0,0,0,0,0,0,0,0
C3010,01,11,0000,District - Punch  11,Total,14,9016,4688,4328,6005,3665,2340,6005,3665,2340,0,0,0,0,0,0,0,0,0,0,0,0
C3010,01,11,0000,District - Punch  11,Total,15-19,38665,20263,18402,17330,11096,6234,16338,10441,5897,644,386,258,73,44,29,268,222,46,7,3,4
C3010,01,11,0000,District - Punch  11,Total,20-24,30204,15568,14636,4439,2922,1517,2741,1858,883,1488,929,559,79,55,24,107,64,43,24,16,8
C3010,01,11,0000,District - Punch  11,Total,25-29,27038,13437,13601,412,289,123,0,0,0,280,197,83,59,45,14,59,43,16,14,4,10
C3010,01,11,0000,District - Punch  11,Total,30-34,24986,13073,11913,134,82,52,0,0,0,61,44,17,27,16,11,33,17,16,13,5,8
C3010,01,11,0000,District - Punch  11,Total,35-59,76504,40291,36213,290,176,114,0,0,0,38,31,7,103,80,23,112,51,61,37,14,23
C3010,01,11,0000,District - Punch  11,Total,60+,27109,15100,12009,41,27,14,0,0,0,10,7,3,6,6,0,18,10,8,7,4,3
C3010,01,11,0000,District - Punch  11,Total,Age not stated,1443,738,705,12,5,7,0,0,0,3,2,1,3,1,2,4,2,2,2,0,2
C3010,01,11,0000,District - Punch  11,Rural,All ages,348635,180472,168163,75688,45811,29877,72886,43912,28974,1873,1296,577,301,213,88,528,347,181,100,43,57
C3010,01,11,0000,District - Punch  11,Rural,0-4,43122,21875,21247,919,489,430,919,489,430,0,0,0,0,0,0,0,0,0,0,0,0
C3010,01,11,0000,District - Punch  11,Rural,5,9492,4915,4577,1719,945,774,1719,945,774,0,0,0,0,0,0,0,0,0,0,0,0
C3010,01,11,0000,District - Punch  11,Rural,6,11803,6016,5787,4180,2337,1843,4180,2337,1843,0,0,0,0,0,0,0,0,0,0,0,0
C3010,01,11,0000,District - Punch  11,Rural,7,7860,4058,3802,4352,2393,1959,4352,2393,1959,0,0,0,0,0,0,0,0,0,0,0,0
C3010,01,11,0000,District - Punch  11,Rural,8,13261,6772,6489,7821,4531,3290,7821,4531,3290,0,0,0,0,0,0,0,0,0,0,0,0
C3010,01,11,0000,District - Punch  11,Rural,9,7263,3730,3533,5179,2934,2245,5179,2934,2245,0,0,0,0,0,0,0,0,0,0,0,0
C3010,01,11,0000,District - Punch  11,Rural,10,14381,7400,6981,9262,5410,3852,9262,5410,3852,0,0,0,0,0,0,0,0,0,0,0,0
C3010,01,11,0000,District - Punch  11,Rural,11,5117,2747,2370,3938,2359,1579,3938,2359,1579,0,0,0,0,0,0,0,0,0,0,0,0
C3010,01,11,0000,District - Punch  11,Rural,12,12445,6531,5914,8106,4952,3154,8106,4952,3154,0,0,0,0,0,0,0,0,0,0,0,0
C3010,01,11,0000,District - Punch  11,Rural,13,6587,3509,3078,4564,2845,1719,4564,2845,1719,0,0,0,0,0,0,0,0,0,0,0,0
C3010,01,11,0000,District - Punch  11,Rural,14,8501,4398,4103,5525,3390,2135,5525,3390,2135,0,0,0,0,0,0,0,0,0,0,0,0
C3010,01,11,0000,District - Punch  11,Rural,15-19,36373,19005,17368,15553,10101,5452,14816,9593,5223,454,293,161,58,35,23,218,177,41,7,3,4
C3010,01,11,0000,District - Punch  11,Rural,20-24,28061,14426,13635,3778,2598,1180,2505,1734,771,1102,759,343,57,39,18,93,53,40,21,13,8
C3010,01,11,0000,District - Punch  11,Rural,25-29,24708,12049,12659,350,259,91,0,0,0,232,177,55,53,40,13,51,38,13,14,4,10
C3010,01,11,0000,District - Punch  11,Rural,30-34,22709,11645,11064,118,74,44,0,0,0,47,37,10,26,15,11,33,17,16,12,5,7
C3010,01,11,0000,District - Punch  11,Rural,35-59,70098,36478,33620,276,166,110,0,0,0,29,24,5,99,78,21,111,50,61,37,14,23
C3010,01,11,0000,District - Punch  11,Rural,60+,25472,14220,11252,36,23,13,0,0,0,6,4,2,5,5,0,18,10,8,7,4,3
C3010,01,11,0000,District - Punch  11,Rural,Age not stated,1382,698,684,12,5,7,0,0,0,3,2,1,3,1,2,4,2,2,2,0,2
C3010,01,11,0000,District - Punch  11,Urban,All ages,23978,13741,10237,7076,3960,3116,6299,3561,2738,651,300,351,49,34,15,73,62,11,4,3,1
C3010,01,11,0000,District - Punch  11,Urban,0-4,1836,998,838,157,82,75,157,82,75,0,0,0,0,0,0,0,0,0,0,0,0
C3010,01,11,0000,District - Punch  11,Urban,5,405,210,195,174,95,79,174,95,79,0,0,0,0,0,0,0,0,0,0,0,0
C3010,01,11,0000,District - Punch  11,Urban,6,401,221,180,251,142,109,251,142,109,0,0,0,0,0,0,0,0,0,0,0,0
C3010,01,11,0000,District - Punch  11,Urban,7,482,281,201,443,264,179,443,264,179,0,0,0,0,0,0,0,0,0,0,0,0
C3010,01,11,0000,District - Punch  11,Urban,8,604,331,273,569,319,250,569,319,250,0,0,0,0,0,0,0,0,0,0,0,0
C3010,01,11,0000,District - Punch  11,Urban,9,474,260,214,450,247,203,450,247,203,0,0,0,0,0,0,0,0,0,0,0,0
C3010,01,11,0000,District - Punch  11,Urban,10,628,344,284,597,329,268,597,329,268,0,0,0,0,0,0,0,0,0,0,0,0
C3010,01,11,0000,District - Punch  11,Urban,11,425,259,166,407,254,153,407,254,153,0,0,0,0,0,0,0,0,0,0,0,0
C3010,01,11,0000,District - Punch  11,Urban,12,603,347,256,575,339,236,575,339,236,0,0,0,0,0,0,0,0,0,0,0,0
C3010,01,11,0000,District - Punch  11,Urban,13,459,251,208,438,243,195,438,243,195,0,0,0,0,0,0,0,0,0,0,0,0
C3010,01,11,0000,District - Punch  11,Urban,14,515,290,225,480,275,205,480,275,205,0,0,0,0,0,0,0,0,0,0,0,0
C3010,01,11,0000,District - Punch  11,Urban,15-19,2292,1258,1034,1777,995,782,1522,848,674,190,93,97,15,9,6,50,45,5,0,0,0
C3010,01,11,0000,District - Punch  11,Urban,20-24,2143,1142,1001,661,324,337,236,124,112,386,170,216,22,16,6,14,11,3,3,3,0
C3010,01,11,0000,District - Punch  11,Urban,25-29,2330,1388,942,62,30,32,0,0,0,48,20,28,6,5,1,8,5,3,0,0,0
C3010,01,11,0000,District - Punch  11,Urban,30-34,2277,1428,849,16,8,8,0,0,0,14,7,7,1,1,0,0,0,0,1,0,1
C3010,01,11,0000,District - Punch  11,Urban,35-59,6406,3813,2593,14,10,4,0,0,0,9,7,2,4,2,2,1,1,0,0,0,0
C3010,01,11,0000,District - Punch  11,Urban,60+,1637,880,757,5,4,1,0,0,0,4,3,1,1,1,0,0,0,0,0,0,0
C3010,01,11,0000,District - Punch  11,Urban,Age not stated,61,40,21,0,0,0,0,0,0,0,0,0,0,0,0,0,0,0,0,0,0
C3010,01,12,0000,District - Rajauri  12,Total,All ages,483284,257336,225948,111509,64904,46605,107586,62509,45077,3487,2100,1387,241,157,84,156,115,41,39,23,16
C3010,01,12,0000,District - Rajauri  12,Total,0-4,52990,27797,25193,1169,668,501,1169,668,501,0,0,0,0,0,0,0,0,0,0,0,0
C3010,01,12,0000,District - Rajauri  12,Total,5,12262,6518,5744,2541,1442,1099,2541,1442,1099,0,0,0,0,0,0,0,0,0,0,0,0
C3010,01,12,0000,District - Rajauri  12,Total,6,14142,7366,6776,4981,2763,2218,4981,2763,2218,0,0,0,0,0,0,0,0,0,0,0,0
C3010,01,12,0000,District - Rajauri  12,Total,7,10861,5711,5150,6479,3614,2865,6479,3614,2865,0,0,0,0,0,0,0,0,0,0,0,0
C3010,01,12,0000,District - Rajauri  12,Total,8,16830,8759,8071,11128,6252,4876,11128,6252,4876,0,0,0,0,0,0,0,0,0,0,0,0
C3010,01,12,0000,District - Rajauri  12,Total,9,9792,5245,4547,7458,4262,3196,7458,4262,3196,0,0,0,0,0,0,0,0,0,0,0,0
C3010,01,12,0000,District - Rajauri  12,Total,10,17991,9389,8602,12701,7167,5534,12701,7167,5534,0,0,0,0,0,0,0,0,0,0,0,0
C3010,01,12,0000,District - Rajauri  12,Total,11,7608,4069,3539,6184,3543,2641,6184,3543,2641,0,0,0,0,0,0,0,0,0,0,0,0
C3010,01,12,0000,District - Rajauri  12,Total,12,16741,8827,7914,11929,6949,4980,11929,6949,4980,0,0,0,0,0,0,0,0,0,0,0,0
C3010,01,12,0000,District - Rajauri  12,Total,13,9594,4875,4719,7217,4076,3141,7217,4076,3141,0,0,0,0,0,0,0,0,0,0,0,0
C3010,01,12,0000,District - Rajauri  12,Total,14,12980,6770,6210,8884,5263,3621,8884,5263,3621,0,0,0,0,0,0,0,0,0,0,0,0
C3010,01,12,0000,District - Rajauri  12,Total,15-19,53173,28083,25090,24436,14827,9609,23346,14213,9133,967,531,436,43,24,19,76,57,19,4,2,2
C3010,01,12,0000,District - Rajauri  12,Total,20-24,42593,23205,19388,5673,3566,2107,3569,2297,1272,1994,1192,802,67,48,19,35,23,12,8,6,2
C3010,01,12,0000,District - Rajauri  12,Total,25-29,37269,19778,17491,454,321,133,0,0,0,369,260,109,50,36,14,28,21,7,7,4,3
C3010,01,12,0000,District - Rajauri  12,Total,30-34,32916,17887,15029,120,86,34,0,0,0,88,65,23,22,14,8,6,4,2,4,3,1
C3010,01,12,0000,District - Rajauri  12,Total,35-59,100318,53849,46469,122,86,36,0,0,0,51,41,10,49,31,18,8,7,1,14,7,7
C3010,01,12,0000,District - Rajauri  12,Total,60+,33826,18400,15426,32,19,13,0,0,0,18,11,7,9,4,5,3,3,0,2,1,1
C3010,01,12,0000,District - Rajauri  12,Total,Age not stated,1398,808,590,1,0,1,0,0,0,0,0,0,1,0,1,0,0,0,0,0,0
C3010,01,12,0000,District - Rajauri  12,Rural,All ages,449629,237948,211681,101647,59659,41988,98833,57825,41008,2481,1611,870,181,113,68,115,87,28,37,23,14
C3010,01,12,0000,District - Rajauri  12,Rural,0-4,50310,26318,23992,997,571,426,997,571,426,0,0,0,0,0,0,0,0,0,0,0,0
C3010,01,12,0000,District - Rajauri  12,Rural,5,11517,6119,5398,2251,1297,954,2251,1297,954,0,0,0,0,0,0,0,0,0,0,0,0
C3010,01,12,0000,District - Rajauri  12,Rural,6,13443,6989,6454,4594,2569,2025,4594,2569,2025,0,0,0,0,0,0,0,0,0,0,0,0
C3010,01,12,0000,District - Rajauri  12,Rural,7,10210,5356,4854,5888,3291,2597,5888,3291,2597,0,0,0,0,0,0,0,0,0,0,0,0
C3010,01,12,0000,District - Rajauri  12,Rural,8,15942,8280,7662,10321,5805,4516,10321,5805,4516,0,0,0,0,0,0,0,0,0,0,0,0
C3010,01,12,0000,District - Rajauri  12,Rural,9,9227,4924,4303,6925,3956,2969,6925,3956,2969,0,0,0,0,0,0,0,0,0,0,0,0
C3010,01,12,0000,District - Rajauri  12,Rural,10,17027,8885,8142,11816,6696,5120,11816,6696,5120,0,0,0,0,0,0,0,0,0,0,0,0
C3010,01,12,0000,District - Rajauri  12,Rural,11,7099,3801,3298,5701,3284,2417,5701,3284,2417,0,0,0,0,0,0,0,0,0,0,0,0
C3010,01,12,0000,District - Rajauri  12,Rural,12,15839,8347,7492,11101,6504,4597,11101,6504,4597,0,0,0,0,0,0,0,0,0,0,0,0
C3010,01,12,0000,District - Rajauri  12,Rural,13,8971,4570,4401,6638,3787,2851,6638,3787,2851,0,0,0,0,0,0,0,0,0,0,0,0
C3010,01,12,0000,District - Rajauri  12,Rural,14,12296,6404,5892,8257,4926,3331,8257,4926,3331,0,0,0,0,0,0,0,0,0,0,0,0
C3010,01,12,0000,District - Rajauri  12,Rural,15-19,49899,26408,23491,21933,13545,8388,21159,13077,8082,686,410,276,31,14,17,53,42,11,4,2,2
C3010,01,12,0000,District - Rajauri  12,Rural,20-24,39400,21403,17997,4690,3038,1652,3185,2062,1123,1422,921,501,48,31,17,27,18,9,8,6,2
C3010,01,12,0000,District - Rajauri  12,Rural,25-29,34039,17907,16132,337,245,92,0,0,0,275,200,75,32,24,8,23,17,6,7,4,3
C3010,01,12,0000,District - Rajauri  12,Rural,30-34,29395,15567,13828,82,64,18,0,0,0,55,46,9,19,12,7,4,3,1,4,3,1
C3010,01,12,0000,District - Rajauri  12,Rural,35-59,91511,48397,43114,90,64,26,0,0,0,29,24,5,43,28,15,6,5,1,12,7,5
C3010,01,12,0000,District - Rajauri  12,Rural,60+,32189,17516,14673,25,17,8,0,0,0,14,10,4,7,4,3,2,2,0,2,1,1
C3010,01,12,0000,District - Rajauri  12,Rural,Age not stated,1315,757,558,1,0,1,0,0,0,0,0,0,1,0,1,0,0,0,0,0,0
C3010,01,12,0000,District - Rajauri  12,Urban,All ages,33655,19388,14267,9862,5245,4617,8753,4684,4069,1006,489,517,60,44,16,41,28,13,2,0,2
C3010,01,12,0000,District - Rajauri  12,Urban,0-4,2680,1479,1201,172,97,75,172,97,75,0,0,0,0,0,0,0,0,0,0,0,0
C3010,01,12,0000,District - Rajauri  12,Urban,5,745,399,346,290,145,145,290,145,145,0,0,0,0,0,0,0,0,0,0,0,0
C3010,01,12,0000,District - Rajauri  12,Urban,6,699,377,322,387,194,193,387,194,193,0,0,0,0,0,0,0,0,0,0,0,0
C3010,01,12,0000,District - Rajauri  12,Urban,7,651,355,296,591,323,268,591,323,268,0,0,0,0,0,0,0,0,0,0,0,0
C3010,01,12,0000,District - Rajauri  12,Urban,8,888,479,409,807,447,360,807,447,360,0,0,0,0,0,0,0,0,0,0,0,0
C3010,01,12,0000,District - Rajauri  12,Urban,9,565,321,244,533,306,227,533,306,227,0,0,0,0,0,0,0,0,0,0,0,0
C3010,01,12,0000,District - Rajauri  12,Urban,10,964,504,460,885,471,414,885,471,414,0,0,0,0,0,0,0,0,0,0,0,0
C3010,01,12,0000,District - Rajauri  12,Urban,11,509,268,241,483,259,224,483,259,224,0,0,0,0,0,0,0,0,0,0,0,0
C3010,01,12,0000,District - Rajauri  12,Urban,12,902,480,422,828,445,383,828,445,383,0,0,0,0,0,0,0,0,0,0,0,0
C3010,01,12,0000,District - Rajauri  12,Urban,13,623,305,318,579,289,290,579,289,290,0,0,0,0,0,0,0,0,0,0,0,0
C3010,01,12,0000,District - Rajauri  12,Urban,14,684,366,318,627,337,290,627,337,290,0,0,0,0,0,0,0,0,0,0,0,0
C3010,01,12,0000,District - Rajauri  12,Urban,15-19,3274,1675,1599,2503,1282,1221,2187,1136,1051,281,121,160,12,10,2,23,15,8,0,0,0
C3010,01,12,0000,District - Rajauri  12,Urban,20-24,3193,1802,1391,983,528,455,384,235,149,572,271,301,19,17,2,8,5,3,0,0,0
C3010,01,12,0000,District - Rajauri  12,Urban,25-29,3230,1871,1359,117,76,41,0,0,0,94,60,34,18,12,6,5,4,1,0,0,0
C3010,01,12,0000,District - Rajauri  12,Urban,30-34,3521,2320,1201,38,22,16,0,0,0,33,19,14,3,2,1,2,1,1,0,0,0
C3010,01,12,0000,District - Rajauri  12,Urban,35-59,8807,5452,3355,32,22,10,0,0,0,22,17,5,6,3,3,2,2,0,2,0,2
C3010,01,12,0000,District - Rajauri  12,Urban,60+,1637,884,753,7,2,5,0,0,0,4,1,3,2,0,2,1,1,0,0,0,0
C3010,01,12,0000,District - Rajauri  12,Urban,Age not stated,83,51,32,0,0,0,0,0,0,0,0,0,0,0,0,0,0,0,0,0,0
C3010,01,13,0000,District - Jammu  13,Total,All ages,1588772,850302,738470,430224,231591,198633,395202,213235,181967,29494,15038,14456,3786,2325,1461,1531,895,636,211,98,113
C3010,01,13,0000,District - Jammu  13,Total,0-4,134773,74516,60257,10057,5550,4507,10057,5550,4507,0,0,0,0,0,0,0,0,0,0,0,0
C3010,01,13,0000,District - Jammu  13,Total,5,32774,18012,14762,12306,6908,5398,12306,6908,5398,0,0,0,0,0,0,0,0,0,0,0,0
C3010,01,13,0000,District - Jammu  13,Total,6,31278,16953,14325,17588,9696,7892,17588,9696,7892,0,0,0,0,0,0,0,0,0,0,0,0
C3010,01,13,0000,District - Jammu  13,Total,7,31430,17039,14391,26434,14474,11960,26434,14474,11960,0,0,0,0,0,0,0,0,0,0,0,0
C3010,01,13,0000,District - Jammu  13,Total,8,37138,20071,17067,32812,17968,14844,32812,17968,14844,0,0,0,0,0,0,0,0,0,0,0,0
C3010,01,13,0000,District - Jammu  13,Total,9,29695,15962,13733,27294,14809,12485,27294,14809,12485,0,0,0,0,0,0,0,0,0,0,0,0
C3010,01,13,0000,District - Jammu  13,Total,10,42591,22921,19670,38368,20889,17479,38368,20889,17479,0,0,0,0,0,0,0,0,0,0,0,0
C3010,01,13,0000,District - Jammu  13,Total,11,27795,14985,12810,25907,14045,11862,25907,14045,11862,0,0,0,0,0,0,0,0,0,0,0,0
C3010,01,13,0000,District - Jammu  13,Total,12,41596,21804,19792,37621,19934,17687,37621,19934,17687,0,0,0,0,0,0,0,0,0,0,0,0
C3010,01,13,0000,District - Jammu  13,Total,13,32838,16770,16068,29629,15362,14267,29629,15362,14267,0,0,0,0,0,0,0,0,0,0,0,0
C3010,01,13,0000,District - Jammu  13,Total,14,36328,18955,17373,31359,16665,14694,31359,16665,14694,0,0,0,0,0,0,0,0,0,0,0,0
C3010,01,13,0000,District - Jammu  13,Total,15-19,171361,89200,82161,104787,55736,49051,94393,50461,43932,8761,4276,4485,1159,731,428,451,255,196,23,13,10
C3010,01,13,0000,District - Jammu  13,Total,20-24,151465,82386,69079,30851,16423,14428,11434,6474,4960,17499,8854,8645,1417,833,584,462,248,214,39,14,25
C3010,01,13,0000,District - Jammu  13,Total,25-29,141437,75076,66361,3272,1946,1326,0,0,0,2025,1178,847,766,470,296,442,278,164,39,20,19
C3010,01,13,0000,District - Jammu  13,Total,30-34,124427,66583,57844,648,414,234,0,0,0,407,245,162,147,101,46,74,60,14,20,8,12
C3010,01,13,0000,District - Jammu  13,Total,35-59,387777,210334,177443,948,573,375,0,0,0,605,368,237,210,134,76,71,41,30,62,30,32
C3010,01,13,0000,District - Jammu  13,Total,60+,127462,64881,62581,284,163,121,0,0,0,165,97,68,75,47,28,24,11,13,20,8,12
C3010,01,13,0000,District - Jammu  13,Total,Age not stated,6607,3854,2753,59,36,23,0,0,0,32,20,12,12,9,3,7,2,5,8,5,3
C3010,01,13,0000,District - Jammu  13,Rural,All ages,887554,466689,420865,238215,129153,109062,228897,123946,104951,7899,4369,3530,925,588,337,387,203,184,107,47,60
C3010,01,13,0000,District - Jammu  13,Rural,0-4,81287,44768,36519,4355,2432,1923,4355,2432,1923,0,0,0,0,0,0,0,0,0,0,0,0
C3010,01,13,0000,District - Jammu  13,Rural,5,19940,10855,9085,6662,3725,2937,6662,3725,2937,0,0,0,0,0,0,0,0,0,0,0,0
C3010,01,13,0000,District - Jammu  13,Rural,6,18836,10073,8763,10084,5520,4564,10084,5520,4564,0,0,0,0,0,0,0,0,0,0,0,0
C3010,01,13,0000,District - Jammu  13,Rural,7,18474,9973,8501,15527,8507,7020,15527,8507,7020,0,0,0,0,0,0,0,0,0,0,0,0
C3010,01,13,0000,District - Jammu  13,Rural,8,22317,11998,10319,19907,10872,9035,19907,10872,9035,0,0,0,0,0,0,0,0,0,0,0,0
C3010,01,13,0000,District - Jammu  13,Rural,9,17745,9432,8313,16415,8814,7601,16415,8814,7601,0,0,0,0,0,0,0,0,0,0,0,0
C3010,01,13,0000,District - Jammu  13,Rural,10,25463,13640,11823,23212,12615,10597,23212,12615,10597,0,0,0,0,0,0,0,0,0,0,0,0
C3010,01,13,0000,District - Jammu  13,Rural,11,16430,8851,7579,15395,8375,7020,15395,8375,7020,0,0,0,0,0,0,0,0,0,0,0,0
C3010,01,13,0000,District - Jammu  13,Rural,12,25111,12978,12133,22885,12046,10839,22885,12046,10839,0,0,0,0,0,0,0,0,0,0,0,0
C3010,01,13,0000,District - Jammu  13,Rural,13,19639,9990,9649,17626,9223,8403,17626,9223,8403,0,0,0,0,0,0,0,0,0,0,0,0
C3010,01,13,0000,District - Jammu  13,Rural,14,22282,11456,10826,18934,10034,8900,18934,10034,8900,0,0,0,0,0,0,0,0,0,0,0,0
C3010,01,13,0000,District - Jammu  13,Rural,15-19,102271,52220,50051,55059,30070,24989,52023,28445,23578,2537,1329,1208,352,222,130,135,68,67,12,6,6
C3010,01,13,0000,District - Jammu  13,Rural,20-24,83173,44646,38527,10776,6043,4733,5872,3338,2534,4519,2479,2040,242,161,81,128,59,69,15,6,9
C3010,01,13,0000,District - Jammu  13,Rural,25-29,74422,38815,35607,796,511,285,0,0,0,560,368,192,154,94,60,69,43,26,13,6,7
C3010,01,13,0000,District - Jammu  13,Rural,30-34,63991,33144,30847,180,120,60,0,0,0,104,70,34,47,33,14,16,14,2,13,3,10
C3010,01,13,0000,District - Jammu  13,Rural,35-59,197684,104101,93583,281,178,103,0,0,0,125,89,36,95,57,38,25,14,11,36,18,18
C3010,01,13,0000,District - Jammu  13,Rural,60+,74800,37634,37166,100,55,45,0,0,0,42,24,18,31,19,12,11,5,6,16,7,9
C3010,01,13,0000,District - Jammu  13,Rural,Age not stated,3689,2115,1574,21,13,8,0,0,0,12,10,2,4,2,2,3,0,3,2,1,1
C3010,01,13,0000,District - Jammu  13,Urban,All ages,701218,383613,317605,192009,102438,89571,166305,89289,77016,21595,10669,10926,2861,1737,1124,1144,692,452,104,51,53
C3010,01,13,0000,District - Jammu  13,Urban,0-4,53486,29748,23738,5702,3118,2584,5702,3118,2584,0,0,0,0,0,0,0,0,0,0,0,0
C3010,01,13,0000,District - Jammu  13,Urban,5,12834,7157,5677,5644,3183,2461,5644,3183,2461,0,0,0,0,0,0,0,0,0,0,0,0
C3010,01,13,0000,District - Jammu  13,Urban,6,12442,6880,5562,7504,4176,3328,7504,4176,3328,0,0,0,0,0,0,0,0,0,0,0,0
C3010,01,13,0000,District - Jammu  13,Urban,7,12956,7066,5890,10907,5967,4940,10907,5967,4940,0,0,0,0,0,0,0,0,0,0,0,0
C3010,01,13,0000,District - Jammu  13,Urban,8,14821,8073,6748,12905,7096,5809,12905,7096,5809,0,0,0,0,0,0,0,0,0,0,0,0
C3010,01,13,0000,District - Jammu  13,Urban,9,11950,6530,5420,10879,5995,4884,10879,5995,4884,0,0,0,0,0,0,0,0,0,0,0,0
C3010,01,13,0000,District - Jammu  13,Urban,10,17128,9281,7847,15156,8274,6882,15156,8274,6882,0,0,0,0,0,0,0,0,0,0,0,0
C3010,01,13,0000,District - Jammu  13,Urban,11,11365,6134,5231,10512,5670,4842,10512,5670,4842,0,0,0,0,0,0,0,0,0,0,0,0
C3010,01,13,0000,District - Jammu  13,Urban,12,16485,8826,7659,14736,7888,6848,14736,7888,6848,0,0,0,0,0,0,0,0,0,0,0,0
C3010,01,13,0000,District - Jammu  13,Urban,13,13199,6780,6419,12003,6139,5864,12003,6139,5864,0,0,0,0,0,0,0,0,0,0,0,0
C3010,01,13,0000,District - Jammu  13,Urban,14,14046,7499,6547,12425,6631,5794,12425,6631,5794,0,0,0,0,0,0,0,0,0,0,0,0
C3010,01,13,0000,District - Jammu  13,Urban,15-19,69090,36980,32110,49728,25666,24062,42370,22016,20354,6224,2947,3277,807,509,298,316,187,129,11,7,4
C3010,01,13,0000,District - Jammu  13,Urban,20-24,68292,37740,30552,20075,10380,9695,5562,3136,2426,12980,6375,6605,1175,672,503,334,189,145,24,8,16
C3010,01,13,0000,District - Jammu  13,Urban,25-29,67015,36261,30754,2476,1435,1041,0,0,0,1465,810,655,612,376,236,373,235,138,26,14,12
C3010,01,13,0000,District - Jammu  13,Urban,30-34,60436,33439,26997,468,294,174,0,0,0,303,175,128,100,68,32,58,46,12,7,5,2
C3010,01,13,0000,District - Jammu  13,Urban,35-59,190093,106233,83860,667,395,272,0,0,0,480,279,201,115,77,38,46,27,19,26,12,14
C3010,01,13,0000,District - Jammu  13,Urban,60+,52662,27247,25415,184,108,76,0,0,0,123,73,50,44,28,16,13,6,7,4,1,3
C3010,01,13,0000,District - Jammu  13,Urban,Age not stated,2918,1739,1179,38,23,15,0,0,0,20,10,10,8,7,1,4,2,2,6,4,2
C3010,01,14,0000,District - Kathua  14,Total,All ages,550084,289391,260693,136868,77212,59656,130997,73897,57100,5094,2878,2216,500,291,209,203,114,89,74,32,42
C3010,01,14,0000,District - Kathua  14,Total,0-4,55604,30180,25424,1908,1067,841,1908,1067,841,0,0,0,0,0,0,0,0,0,0,0,0
C3010,01,14,0000,District - Kathua  14,Total,5,12767,6991,5776,3206,1855,1351,3206,1855,1351,0,0,0,0,0,0,0,0,0,0,0,0
C3010,01,14,0000,District - Kathua  14,Total,6,12931,6997,5934,5440,3122,2318,5440,3122,2318,0,0,0,0,0,0,0,0,0,0,0,0
C3010,01,14,0000,District - Kathua  14,Total,7,11653,6156,5497,8456,4732,3724,8456,4732,3724,0,0,0,0,0,0,0,0,0,0,0,0
C3010,01,14,0000,District - Kathua  14,Total,8,14226,7598,6628,11354,6368,4986,11354,6368,4986,0,0,0,0,0,0,0,0,0,0,0,0
C3010,01,14,0000,District - Kathua  14,Total,9,11882,6317,5565,10130,5658,4472,10130,5658,4472,0,0,0,0,0,0,0,0,0,0,0,0
C3010,01,14,0000,District - Kathua  14,Total,10,15453,8069,7384,12904,7112,5792,12904,7112,5792,0,0,0,0,0,0,0,0,0,0,0,0
C3010,01,14,0000,District - Kathua  14,Total,11,10900,5698,5202,9428,5210,4218,9428,5210,4218,0,0,0,0,0,0,0,0,0,0,0,0
C3010,01,14,0000,District - Kathua  14,Total,12,15894,8359,7535,13155,7402,5753,13155,7402,5753,0,0,0,0,0,0,0,0,0,0,0,0
C3010,01,14,0000,District - Kathua  14,Total,13,12781,6468,6313,10547,5755,4792,10547,5755,4792,0,0,0,0,0,0,0,0,0,0,0,0
C3010,01,14,0000,District - Kathua  14,Total,14,13691,6855,6836,10573,5764,4809,10573,5764,4809,0,0,0,0,0,0,0,0,0,0,0,0
C3010,01,14,0000,District - Kathua  14,Total,15-19,59691,30986,28705,32246,18634,13612,30483,17678,12805,1571,849,722,130,69,61,56,35,21,6,3,3
C3010,01,14,0000,District - Kathua  14,Total,20-24,50629,26834,23795,6814,4105,2709,3413,2174,1239,3129,1776,1353,194,116,78,67,36,31,11,3,8
C3010,01,14,0000,District - Kathua  14,Total,25-29,46164,24235,21929,428,250,178,0,0,0,271,163,108,92,57,35,51,28,23,14,2,12
C3010,01,14,0000,District - Kathua  14,Total,30-34,38425,19849,18576,83,50,33,0,0,0,44,29,15,19,9,10,8,6,2,12,6,6
C3010,01,14,0000,District - Kathua  14,Total,35-59,121307,63862,57445,135,91,44,0,0,0,54,46,8,52,32,20,13,4,9,16,9,7
C3010,01,14,0000,District - Kathua  14,Total,60+,44569,23082,21487,55,33,22,0,0,0,23,15,8,13,8,5,5,2,3,14,8,6
C3010,01,14,0000,District - Kathua  14,Total,Age not stated,1517,855,662,6,4,2,0,0,0,2,0,2,0,0,0,3,3,0,1,1,0
C3010,01,14,0000,District - Kathua  14,Rural,All ages,471356,246478,224878,114919,65240,49679,110991,62895,48096,3382,2036,1346,353,202,151,135,80,55,58,27,31
C3010,01,14,0000,District - Kathua  14,Rural,0-4,49312,26682,22630,1454,818,636,1454,818,636,0,0,0,0,0,0,0,0,0,0,0,0
C3010,01,14,0000,District - Kathua  14,Rural,5,11272,6170,5102,2707,1546,1161,2707,1546,1161,0,0,0,0,0,0,0,0,0,0,0,0
C3010,01,14,0000,District - Kathua  14,Rural,6,11481,6173,5308,4663,2659,2004,4663,2659,2004,0,0,0,0,0,0,0,0,0,0,0,0
C3010,01,14,0000,District - Kathua  14,Rural,7,10061,5287,4774,7138,4007,3131,7138,4007,3131,0,0,0,0,0,0,0,0,0,0,0,0
C3010,01,14,0000,District - Kathua  14,Rural,8,12497,6633,5864,9820,5498,4322,9820,5498,4322,0,0,0,0,0,0,0,0,0,0,0,0
C3010,01,14,0000,District - Kathua  14,Rural,9,10351,5443,4908,8719,4838,3881,8719,4838,3881,0,0,0,0,0,0,0,0,0,0,0,0
C3010,01,14,0000,District - Kathua  14,Rural,10,13492,7004,6488,11131,6145,4986,11131,6145,4986,0,0,0,0,0,0,0,0,0,0,0,0
C3010,01,14,0000,District - Kathua  14,Rural,11,9447,4917,4530,8068,4467,3601,8068,4467,3601,0,0,0,0,0,0,0,0,0,0,0,0
C3010,01,14,0000,District - Kathua  14,Rural,12,13879,7231,6648,11313,6360,4953,11313,6360,4953,0,0,0,0,0,0,0,0,0,0,0,0
C3010,01,14,0000,District - Kathua  14,Rural,13,11071,5575,5496,8965,4914,4051,8965,4914,4051,0,0,0,0,0,0,0,0,0,0,0,0
C3010,01,14,0000,District - Kathua  14,Rural,14,11893,5928,5965,9000,4948,4052,9000,4948,4052,0,0,0,0,0,0,0,0,0,0,0,0
C3010,01,14,0000,District - Kathua  14,Rural,15-19,51347,26593,24754,26497,15614,10883,25304,14919,10385,1055,623,432,93,45,48,42,26,16,3,1,2
C3010,01,14,0000,District - Kathua  14,Rural,20-24,42931,22641,20290,4967,3129,1838,2709,1776,933,2069,1245,824,134,80,54,47,25,22,8,3,5
C3010,01,14,0000,District - Kathua  14,Rural,25-29,38797,20127,18670,287,175,112,0,0,0,184,113,71,66,43,23,29,18,11,8,1,7
C3010,01,14,0000,District - Kathua  14,Rural,30-34,32080,16342,15738,58,37,21,0,0,0,27,20,7,16,8,8,6,5,1,9,4,5
C3010,01,14,0000,District - Kathua  14,Rural,35-59,101342,52904,48438,87,57,30,0,0,0,32,26,6,33,19,14,6,3,3,16,9,7
C3010,01,14,0000,District - Kathua  14,Rural,60+,38841,20122,18719,42,25,17,0,0,0,15,9,6,11,7,4,3,1,2,13,8,5
C3010,01,14,0000,District - Kathua  14,Rural,Age not stated,1262,706,556,3,3,0,0,0,0,0,0,0,0,0,0,2,2,0,1,1,0
C3010,01,14,0000,District - Kathua  14,Urban,All ages,78728,42913,35815,21949,11972,9977,20006,11002,9004,1712,842,870,147,89,58,68,34,34,16,5,11
C3010,01,14,0000,District - Kathua  14,Urban,0-4,6292,3498,2794,454,249,205,454,249,205,0,0,0,0,0,0,0,0,0,0,0,0
C3010,01,14,0000,District - Kathua  14,Urban,5,1495,821,674,499,309,190,499,309,190,0,0,0,0,0,0,0,0,0,0,0,0
C3010,01,14,0000,District - Kathua  14,Urban,6,1450,824,626,777,463,314,777,463,314,0,0,0,0,0,0,0,0,0,0,0,0
C3010,01,14,0000,District - Kathua  14,Urban,7,1592,869,723,1318,725,593,1318,725,593,0,0,0,0,0,0,0,0,0,0,0,0
C3010,01,14,0000,District - Kathua  14,Urban,8,1729,965,764,1534,870,664,1534,870,664,0,0,0,0,0,0,0,0,0,0,0,0
C3010,01,14,0000,District - Kathua  14,Urban,9,1531,874,657,1411,820,591,1411,820,591,0,0,0,0,0,0,0,0,0,0,0,0
C3010,01,14,0000,District - Kathua  14,Urban,10,1961,1065,896,1773,967,806,1773,967,806,0,0,0,0,0,0,0,0,0,0,0,0
C3010,01,14,0000,District - Kathua  14,Urban,11,1453,781,672,1360,743,617,1360,743,617,0,0,0,0,0,0,0,0,0,0,0,0
C3010,01,14,0000,District - Kathua  14,Urban,12,2015,1128,887,1842,1042,800,1842,1042,800,0,0,0,0,0,0,0,0,0,0,0,0
C3010,01,14,0000,District - Kathua  14,Urban,13,1710,893,817,1582,841,741,1582,841,741,0,0,0,0,0,0,0,0,0,0,0,0
C3010,01,14,0000,District - Kathua  14,Urban,14,1798,927,871,1573,816,757,1573,816,757,0,0,0,0,0,0,0,0,0,0,0,0
C3010,01,14,0000,District - Kathua  14,Urban,15-19,8344,4393,3951,5749,3020,2729,5179,2759,2420,516,226,290,37,24,13,14,9,5,3,2,1
C3010,01,14,0000,District - Kathua  14,Urban,20-24,7698,4193,3505,1847,976,871,704,398,306,1060,531,529,60,36,24,20,11,9,3,0,3
C3010,01,14,0000,District - Kathua  14,Urban,25-29,7367,4108,3259,141,75,66,0,0,0,87,50,37,26,14,12,22,10,12,6,1,5
C3010,01,14,0000,District - Kathua  14,Urban,30-34,6345,3507,2838,25,13,12,0,0,0,17,9,8,3,1,2,2,1,1,3,2,1
C3010,01,14,0000,District - Kathua  14,Urban,35-59,19965,10958,9007,48,34,14,0,0,0,22,20,2,19,13,6,7,1,6,0,0,0
C3010,01,14,0000,District - Kathua  14,Urban,60+,5728,2960,2768,13,8,5,0,0,0,8,6,2,2,1,1,2,1,1,1,0,1
C3010,01,14,0000,District - Kathua  14,Urban,Age not stated,255,149,106,3,1,2,0,0,0,2,0,2,0,0,0,1,1,0,0,0,0
